0.0,0.0
0.0005002501250625312,2.9323396455528985
0.0010005002501250625,4.771968728283437
0.0015007503751875936,4.730249886424945
0.002001000500250125,2.965269628770127
0.0025012506253126563,-0.04714705596842276
0.003001500750375187,-2.8994028856282044
0.0035017508754377185,-4.813674852421799
0.00400200100050025,-4.688520758829718
0.004502251125562781,-2.998190425009604
0.0050025012506253125,0.09429166656373605
0.005502751375687844,2.8664617592543165
0.006003001500750374,4.855365826945607
0.006503251625812906,4.646783777420258
0.007003501750875437,3.031099624138742
0.007503751875937968,-0.14143138656266863
0.0080040020010005,-2.8335186765277602
0.00850425212606303,-4.897039220199097
0.009004502251125562,-4.60504137390837
0.009504752376188093,-3.063994816312524
0.010005002501250625,0.18856377104164293
0.010505252626313155,2.8005760472334877
0.011005502751375688,4.938692600915199
0.011505752876438218,4.563295979645422
0.012006003001500749,3.096873592123049
0.01250625312656328,-0.23568637552652374
0.013006503251625811,-2.767636280695173
0.013506753376688344,-4.980323538364928
0.014007003501750874,-4.5215500254725915
0.014507253626813406,-3.1297335427493667
0.015007503751875937,0.2827967561425514
0.015507753876938469,2.7347017856255835
0.016008004002001,5.021929602507417
0.01650825412706353,4.479805941570881
0.01700850425212606,3.1625722601070803
0.017508754377188594,-0.3298924697638968
0.018009004502251125,-2.701774969977115
0.018509254627313655,-5.0635083641397385
0.019009504752376186,-4.4380661573118205
0.01950975487743872,-3.195387336998229
0.02001000500250125,0.376971074163481
0.02051025512756378,2.668858240791617
0.02101050525262631,5.105057395046053
0.02151075537768884,4.396333101107658
0.022011005502751375,3.2281763672603097
0.022511255627813906,-0.42403012816265884
0.023011505752876436,-2.635954004051172
0.023511755877938967,-5.146574268147863
0.024012006003001497,-4.354609200261472
0.02451225612806403,-3.2609369459162756
0.02501250625312656,0.47106719178062534
0.025512756378189092,2.6030646645290827
0.026013006503251623,5.188056557652695
0.026513256628314157,4.31289688081829
0.027013506753376687,3.2936666693240495
0.027513756878439218,-0.5180798263843331
0.028014007003501748,-2.5701926256395957
0.02851425712856428,-5.2295018392044295
0.029014507253626812,-4.271198567415355
0.029514757378689343,-3.326363135325172
0.030015007503751873,0.5650655948372109
0.030515257628814404,2.537340289288911
0.031015507753876938,5.270907690032421
0.03151575787893947,4.2295166831324265
0.032016008004002,3.359023943394946
0.03251625812906453,-0.6120220616492227
0.03301650825412706,-2.504510055726542
0.03351675837918959,-5.312271689099563
0.03401700850425212,-4.187853649343065
0.03451725862931466,-3.391646694791188
0.03501750875437719,0.6589467931259421
0.03551775887943972,2.4717043233951217
0.03601800900450225,5.353591417253926
0.03651825912956478,4.146211885565072
0.03701850925462731,3.424228992702969
0.03751875937968984,-0.7058373575169304
0.03801900950475237,-2.438925488782428
0.0385192596298149,-5.394864457375176
0.03901950975487744,-4.10459380931205
0.03951975987993997,-3.4567684424003366
0.0400200100050025,0.7526913251661536
0.04052026013006503,2.4061759462715706
0.04102051025512756,5.43608839452526
0.04152076038019009,4.06300183594414
0.04202101050525262,3.4892626513820875
0.04252126063031515,-0.7995062686592282
0.04302151075537768,-2.373458087993267
0.04352176088044022,-5.477260816096835
0.04402201100550275,-4.021438378518827
0.04452226113056528,-3.5217092295259067
0.04502251125562781,0.8462797629737099
0.04552276138069034,2.3407743036757647
0.04602301150575287,5.51837931196028
0.0465232616308154,3.979905847643518
0.047023511755877934,3.5541057892353227
0.047523761880940464,-0.8930093856260921
0.048024012006002995,-2.3081269804979416
0.04852426213106553,-5.559441474615406
0.04902451225612806,-3.9384066513253146
0.04952476238119059,-3.5864499455888583
0.05002501250625312,0.9396927168222092
0.050525262631315654,2.275518502940213
0.051025512756378184,5.600444899336503
0.051525762881440715,3.8969431948246385
0.052026013006503245,3.618739316488092
0.052526263131565776,-0.9863273396033871
0.05302651325662831,-2.242951252636299
0.053526763381690844,-5.64138718432315
0.054027013506753374,-3.8555178805058263
0.054527263631815905,-3.65097152280649
0.055027513756878435,1.0329108399959057
0.055527763881940966,2.210427608225736
0.056028014007003496,5.682265930845773
0.056528264132066026,3.8141331076899574
0.05702851425712856,3.6831441885354486
0.057528764382191094,-1.079440807158551
0.058029014507253625,-2.1779499452050057
0.058529264632316155,-5.723078743396132
0.059029514757378686,-3.7727912725057724
0.059529764882441216,-3.7152549409341082
0.06003001500750375,1.125914833529799
0.06053026513256628,2.1455206357818213
0.06103051525762881,5.763823229831466
0.06153076538269134,3.731494767744186
0.062031015507753876,3.7473014106753713
0.0625312656328164,-1.1723305149765169
0.06303151575787894,-2.1131420487255945
0.06353176588294146,-5.804497001525542
0.064032016008004,-3.690245982708665
0.06453226613306653,-3.7792812319927407
0.06503251625812906,1.218685450940771
0.0655327663831916,2.0808165492220025
0.06603301650825412,5.845097673513868
0.06653326663331666,3.649047303070035
0.06703351675837918,3.811192042828732
0.06753376688344172,-1.2649772445857075
0.06803401700850424,-2.048546498725478
0.06853426713356678,-5.885622864640391
0.06903451725862932,-3.6079011107185477
0.06953476738369184,-3.8430314849821308
0.07003501750875438,1.3112035029440172
0.0705352676338169,2.0163342548117185
0.07103551775887944,5.926070197704972
0.07153576788394196,3.5668097836176402
0.0720360180090045,3.874797204252034
0.07253626813406702,-1.3573618370632774
0.07303651825912956,-1.9841821710323846
0.0735367683841921,-5.9664372996097095
0.07403701850925462,-3.5257756956563764
0.07453726863431716,-3.906486850586345
0.07503751875937968,1.4034498621542004
0.07553776888444222,1.952092596768369
0.07603801900950474,6.006721801504729
0.07653826913456728,3.484801216505156
0.0770385192596298,3.9380980782267043
0.07753876938469234,-1.449465197734435
0.07803901950975488,-1.9200678770836157
0.0785392696348174,-6.046921338935444
0.07903951975987994,-3.443888711468418
0.07953976988494246,-3.969628545855639
0.080040020010005,1.495405467775583
0.08054027013506752,1.8881103525800813
0.08104052026013006,6.087033551986431
0.08154077038519258,3.4030405413400726
0.08204102051025512,4.001075916740043
0.08254127063531766,-1.5412683008491865
0.08304152076038018,-1.856222359250994
0.08354177088544272,-6.127056085427963
0.08404202101050524,-3.362259062255645
0.08454227113556778,-4.032437858878863
0.0850425212606303,1.5870513302697171
0.08554277138569284,1.8244062283374796
0.08604302151075537,6.166986588860411
0.0865432716358179,3.321546625550849
0.08704352176088044,4.063712045146322
0.08754377188594296,-1.6327521942442593
0.0880440220110055,-1.792664286182401
0.08854427213606803,-6.206822716861183
0.08904452226113056,-3.280905577614314
0.08954477238619309,-4.094896153435177
0.09004502251125562,1.678368536011805
0.09054527263631815,1.760998854086914
0.09104552276138068,6.246562129126008
0.09154577288644322,3.24033825974389
0.09204602301150575,4.125987866806205
0.09254627313656828,-1.7238980039909513
0.0930465232616308,-1.729412248164119
0.09354677338669334,-6.286202490615258
0.09404702351175587,-3.1998470080023464
0.0945472736368184,-4.156984873626701
0.09504752376188093,1.7693382519221503
0.09554777388694347,1.6979067791979339
0.09604802401200599,6.3257414716973805
0.09654827413706853,3.159434153073523
0.09704852426213106,4.187884867717156
0.09754877438719359,-1.8146869390143905
0.09804902451225612,-1.666484752497946
0.09854927463731865,-6.3651767482924715
0.09904952476238119,-3.1191020201190596
0.09954977488744371,-4.218685548493234
0.10005002501250625,1.8599417300846781
0.10055027513756877,1.6351484677561725
0.10105052526263131,6.40450600201533
0.10155077538769385,3.078852928634973
0.10205102551275637,4.249384621110961
0.1025512756378189,-1.9051002957033298
0.10305152576288143,-1.603900218904778
0.10355177588794397,-6.4437269203185075
0.10405202601300649,-3.038689192309648
0.10455227613806903,-4.27997979660633
0.10505252626313155,1.9501603123364664
0.10555277638819409,1.572742293973
0.10605302651325663,6.4828371966346765
0.10655327663831915,2.998613118878961
0.10705352676338169,4.310468792040007
0.10755377688844421,-1.9951194624880508
0.10805402701350675,-1.5416769749453663
0.10855427713856927,-6.52183453051833
0.10905452726363181,-2.958627009987705
0.10955477738869433,-4.340849330637653
0.11005502751375687,2.03997543484191
0.11055527763881941,1.5107065376194138
0.11105552776388193,6.560716627789634
0.11155577788894447,2.9187331610455596
0.11205602801400699,4.371119141933504
0.11255627813906953,-2.0847259244033007
0.11305652826413205,-1.479833251465477
0.11355677838919459,-6.599481200672597
0.11405702851425711,-2.8789338610871447
0.11455727863931965,-4.401275961909937
0.11505752876438219,2.12936863264023
0.11555777888944471,1.4490593794830957
0.11605802901450725,6.6381259679382
0.11655827913956977,2.8392313926284043
0.11705852926463231,4.431317533137047
0.11755877938969483,-2.1739012676229925
0.11805902951475737,-1.4183871780637185
0.1185592796398199,-6.676648655043913
0.11905952976488243,-2.799628031530034
0.11955977988994497,-4.461241604916285
0.1200600300150075,2.2183215441682274
0.12056028014007003,1.3878188968483616
0.12106053026513255,6.71504699427598
0.12156078039019509,2.7601260468546798
0.12206103051525762,4.491045933417618
0.12256128064032015,-2.2626271839736973
0.12306153076538268,-1.3573567785888823
0.12356178089044521,-6.753318724886021
0.12406203101550775,-2.720727700727532
0.12456228114057027,-4.520728281821701
0.1250625312656328,2.306815915760841
0.12556278139069535,1.3270030590060982
0.12606303151575787,6.791461593232345
0.1265632816408204,2.6814352481996657
0.12706353176588292,4.550286420455286
0.12756378189094547,-2.35088547541596
0.128064032016008,-1.2967599666561078
0.12856428214107052,-6.829473352918466
0.12906453226613307,-2.6422509371034018
0.1295647823911956,-4.579718126934483
0.13006503251625812,2.394833606121825
0.13056528264132064,1.2666297227855328
0.1310655327663832,6.867351764931577
0.13156578289144572,2.603177007922094
0.13206603301650824,4.609021186297285
0.13256628314157076,-2.4386580585044957
0.1330665332666333,-1.2366145411982927
0.13356678339169584,-6.9050945977802325
0.13406703351675836,-2.56421569364435
0.1345672836418209,-4.638193391147825
0.13506753376688344,2.482356590765302
0.13556778389194596,1.206716628115418
0.13606803401700848,6.942699627631655
0.13656828414207103,2.525369219630239
0.13706853426713356,4.667232541787011
0.13756878439219608,-2.525926968819465
0.13806903451725863,-1.1769381820395486
0.13856928464232116,-6.980164638451364
0.13906953476738368,-2.486639803477433
0.1395697848924462,-4.69613644635541
0.14007003501750875,2.5693669664339294
0.14057028514257128,1.1472813936168116
0.1410705352676338,7.017487422133778
0.14157078539269632,2.448029654877999
0.14207103551775888,4.724902920966429
0.1425712856428214,-2.6126743653622673
0.14307153576788392,-1.1177484455022721
0.14357178589294647,-7.0546657786463784
0.144072036018009,-2.4095409754860406
0.14457228614307152,-4.753529789840696
0.14507253626813404,2.6558469554815414
0.1455727863931966,1.088341512221736
0.14607303651825912,7.091697516156762
0.14657328664332164,2.3711759587852552
0.1470735367683842,4.78201488544468
0.14757378689344672,-2.698882534928912
0.14807403701850924,-1.059062760041273
0.14857428714357176,-7.128580451175241
0.14907453726863432,-2.33293678994623
0.14957478739369684,-4.810356048624157
0.15007503751875936,2.7417789102308308
0.1505752876438219,1.0299143468270189
0.15107553776888444,7.165312408686041
0.15157578789394696,2.294825645700408
0.15207603801900949,4.838551128737194
0.15257628814407204,-2.7845338964463915
0.15307653826913456,-1.0008984219136177
0.15357678839419708,-7.201891222278331
0.1540770385192596,-2.256844694200423
0.15457728864432216,-4.866597983791553
0.15507753876938468,2.8271453172909937
0.1555777888944472,0.972017125973764
0.15607803901950976,7.238314734287123
0.15657828914457228,2.2189960948869896
0.1570785392696348,4.894494480572392
0.15757878939469733,-2.869611005278219
0.15807903951975988,-0.9432725908782071
0.1585792896448224,-7.274580795918251
0.15907953976988493,-2.181281998360988
0.15957978989494745,-4.92223849478043
0.16008004002001,2.911928801848762
0.16058029014507252,0.9146669395708789
0.16108054027013505,7.3106872673861885
0.1615807903951976,2.1437045462435504
0.16208104052026012,4.949827911162167
0.16258129064532265,-2.9540965574997333
0.16308154077038517,-0.8862022859304566
0.16358179089544772,-7.3466320180457405
0.16408204102051024,-2.10626587105301
0.16458229114557277,-4.977260623638395
0.16508254127063532,2.996112131923851
0.16558279139569784,0.8578807346421118
0.16608304152076037,7.382412926518427
0.1665832916458229,2.068968096063457
0.16708354177088544,5.004534535441586
0.16758379189594796,-3.0379733941299607
0.1680840420210105,-0.8297043810686886
0.168584292146073,-7.418027880829685
0.16908454227113556,-2.0318133351849434
0.1695847923961981,-5.031647559238907
0.1700850425212606,3.0796782225840835
0.17058529264632316,0.8016753111146122
0.17108554277138568,7.4534747785360675
0.1715857928964482,1.9948036928240631
0.17208604302151073,5.058597617268904
0.17258629314657328,-3.1212245053344416
0.1730865432716358,-0.7737956011035889
0.17358679339669833,-7.488751526851761
0.17408704352176088,-1.9579412637612923
0.1745872936468234,-5.085382641467685
0.17508754377188593,3.1626101401370352
0.17558779389694845,0.7460673176418089
0.176088044022011,7.523856042784729
0.17658829414707353,1.9212281330194285
0.17708854427213605,5.112000573595338
0.17758879439719857,-3.2038330345914314
0.17808904452226113,-0.7184925174973942
0.17858929464732365,-7.558786253256894
0.17908954477238617,-1.8846663757333477
0.17958979489744872,-5.138449365369452
0.18009004502251125,3.244891106265873
0.18059029514757377,0.6910732474642662
0.1810905452726363,7.593540095239008
0.18159079539769885,1.8482580570242382
0.18209104552276137,5.164726978586577
0.1825912956478239,-3.285782282820579
0.18309154577288644,-0.6638115442437869
0.18359179589794897,-7.628115515874854
0.1840920460230115,-1.8120052318757223
0.18459229614807401,-5.190831385254604
0.18509254627313657,3.3265045021428388
0.1855927963981991,0.6367094343090001
0.1860930465232616,7.662510472604692
0.18659329664832414,1.7759099450010907
0.1870935467733867,5.216760567716062
0.1875937968984492,-3.367055712464124
0.18809404702351173,-0.6097689337873513
0.18859429714857429,-7.696722933298126
0.1890945472736368,-1.7399742307209656
0.18959479739869933,-5.242512518772003
0.19009504752376186,3.4074338724938715
0.1905952976488244,0.5829920483277404
0.19109554777388693,7.730750876371475
0.19159579789894945,1.7042001128409785
0.19209604802401198,5.268085241812452
0.19259629814907453,-3.4476369515402294
0.19309654827413705,-0.5563807729824695
0.19359679839919958,-7.764592290919312
0.19409704852426213,-1.6685896045200952
0.19459729864932465,-5.293476750934079
0.19509754877438718,3.4876629296315156
0.1955977988994497,0.5299370920775459
0.19609804902451225,7.798245176835296
0.19659829914957477,1.6331447081551462
0.1970985492746373,5.318685071067796
0.19759879939969985,-3.5275097976477605
0.19809904952476237,-0.5036629790921618
0.1985992996498249,-7.831707544932685
0.19909954977488742,-1.5978674152505166
0.19959979989994997,-5.343708238103112
0.2001000500250125,3.5671755574341883
0.20060030015007502,0.47756039653781546
0.20110055027513754,7.864977417073685
0.2016008004002001,1.5627597062984924
0.20210105052526262,5.368544299005171
0.20260130065032514,-3.606658221931368
0.2031015507753877,-0.45163129583096984
0.2036018009004502,-7.89805282628373
0.20410205102551274,-1.5278235506607971
0.20460230115057526,-5.393191311941467
0.2051025512756378,3.645955815293958
0.20560280140070034,0.4258776171781484
0.20610305152576286,7.930931816880086
0.2066033016508254,1.4930609064401517
0.20710355177588793,5.417647346401071
0.20760380190095046,-3.6850663730074507
0.20810405202601298,-0.4003012894495006
0.20860430215107553,-7.963612444585333
0.20910455227613806,-1.4584737203680231
0.20960480240120058,-5.441910483312154
0.2101050525262631,3.7239879420168087
0.21060530265132565,0.37490423006173623
0.21110555277638818,7.996092776654092
0.2116058029014507,1.4240639276781768
0.21210605302651325,5.465978815166576
0.21260630315157578,-3.7627185808367023
0.2131065532766383,-0.3496883448605397
0.21360680340170082,-8.028370891985332
0.21410705352676337,-1.3898334519900537
0.2146073036518259,-5.4898504461333415
0.21510755377688842,3.8012563596782956
0.21560780390195097,0.32465552799731645
0.2161080540270135,8.060444881247621
0.21660830415207602,1.3557842051940114
0.21710855427713854,5.513523492180958
0.2176088044022011,-3.839599360560947
0.21810905452726362,-0.2998076618169154
0.21860930465232614,-8.092312846989813
0.21910955477738867,-1.3219180873275458
0.21960980490245122,-5.53699608119382
0.22011005502751374,3.877745677434647
0.22061030515257626,0.27514661673597196
0.22111055527763882,8.123972903765262
0.22161080540270134,1.2882369864615475
0.22211105552776386,5.560266353085453
0.22261130565282639,-3.915693416291464
0.22311155577788894,-0.25067425112784925
0.22361180590295146,-8.155423178240625
0.22411205602801398,-1.254742778587068
0.22461230615307654,-5.583332459919774
0.22511255627813906,3.9534406952875423
0.22561280640320158,0.22639241121025755
0.2261130565282641,8.186661809317883
0.22661330665332666,1.221437327493505
0.22711355677838918,5.606192566020972
0.2276138069034517,-3.990985644850606
0.22811405702851423,-0.20230293092561613
0.22861430715357678,-8.217686948246012
0.2291145572786393,-1.18832248466037
0.22961480740370183,-5.62884484809196
0.23011505752876438,4.028326407802049
0.2306153076538269,0.17840763182921116
0.23111555777888942,8.248496758732768
0.23161580790395195,1.1554000891404717
0.2321160580290145,5.651287495327345
0.23261630815407702,-4.065461139463011
0.23311655827913955,-0.1547083229780295
0.2336168084042021,-8.279089417063547
0.23411705852926462,-1.122671967444575
0.23461730865432714,-5.67351870952173
0.23511755877938967,4.102388007773991
0.23561780890445222,0.13120680081267677
0.23611805902951474,8.309463112207109
0.23661830915457727,1.0901399334353439
0.2371185592796398,5.695536705188868
0.23761880940470234,-4.139105193403675
0.23811905952976486,-0.10790484905302344
0.2386193096548274,-8.339616045933251
0.23911955977988994,-1.057805788208828
0.23961980990495246,-5.71733970966835
0.240120060030015,4.17561088985709
0.2406203101550775,0.08480423857908459
0.24112056028014006,8.369546432920995
0.24162081040520259,1.025671319990106
0.2421210605302651,5.7389259632356175
0.24262131065532766,-4.211903303592418
0.24312156078039018,-0.06190672732916891
0.2436218109054527,-8.399252500866071
0.24412206103051523,-0.9937383040184145
0.24462231115557778,-5.76029371921544
0.2451225612806403,4.2479806541247935
0.24562281140570283,0.03921406018225415
0.24612306153076535,8.428732490595245
0.2466233116558279,0.962008502439565
0.24712356178089043,5.781441244085938
0.24762381190595295,-4.283841174138934
0.2481240620310155,-0.01672796885682004
0.24862431215607803,-8.457984656172362
0.24912456228114055,-0.9304836642010978
0.24962481240620307,-5.802366817592457
0.2501250625312656,4.319483109595788
0.25062531265632815,-0.005549828200793527
0.2511255627813907,8.487007265004108
0.2516258129064532,0.8991655249388852
0.25212606303151575,5.82306873284753
0.2526263131565783,-4.354904719841558
0.2531265632816408,0.027617625924305944
0.25362681340670334,-8.51579859794859
0.25412706353176584,-0.8680558068747843
0.2546273136568284,-5.843545296445541
0.25512756378189094,4.3901042777057
0.25562781390695344,-0.0494737327307595
0.256128064032016,8.544356949422971
0.25662831415707854,0.8371562187073947
0.25712856428214104,5.863794828560117
0.2576288144072036,-4.425080069619673
0.25812906453226614,0.07111647062835669
0.25862931465732864,-8.57268062750611
0.2591295647823912,-0.806468455514286
0.2596298149074537,-5.883815663055225
0.26013006503251623,4.4598303957118395
0.2606303151575788,-0.09254417531601122
0.2611305652826413,8.600767954044308
0.26163081540770383,0.7759941986379943
0.2621310655327664,5.903606147587173
0.2626313156578289,-4.494353569915132
0.26313156578289143,0.11375519629395292
0.263631815907954,-8.628617264752714
0.2641320660330165,-0.7457351155888028
0.26463231615807903,-5.923164643705359
0.2651325662831415,4.52864792006968
0.2656328164082041,-0.13474789696154943
0.2661330665332666,8.656226909319214
0.2666333166583291,0.7156928599409773
0.2671335667833917,5.942489526956577
0.2676338169084542,-4.562711788023448
0.2681340670335167,0.1555206547211423
0.26863431715857927,-8.683595251508542
0.2691345672836418,-0.685869071229956
0.2696348174087043,-5.961579186987079
0.27013506753376687,4.596543529732821
0.2706353176588294,-0.17607186107915007
0.2711355677838919,8.7107206692579
0.27163581790895447,0.6562653748572975
0.27213606803401696,5.980432027641502
0.2726363181590795,-4.630141515368109
0.27313656828414207,0.1963999217415684
0.27363681840920456,-8.737601554782175
0.2741370685342671,-0.6268833819820214
0.27463731865932967,-5.999046467063949
0.27513756878439216,4.663504129408153
0.2756378189094547,-0.21650325672166248
0.27613806903451726,8.764236314670674
0.27663831915957976,0.5977246894273405
0.2771385692846423,6.017420937792798
0.2776388194097048,-4.696629770738984
0.27813906953476736,0.23638030043188696
0.2786393196598299,-8.790623369984004
0.2791395697848924,-0.5687908795814733
0.27963981990995496,-6.035553886864119
0.2801400700350175,4.729516852756167
0.28064032016008,-0.2560295017832743
0.28114057028514255,8.816761156352838
0.2816408204102051,0.5400835202986376
0.2821410705352676,6.0534437759057065
0.28264132066033015,-4.762163803454517
0.28314157078539265,0.27544932428259195
0.2836418209104552,-8.842648124075904
0.28414207103551775,-0.511604164809623
0.28464232116058025,-6.071089081232554
0.2851425712856428,4.794569065529625
0.28564282141070535,-0.2946382461278607
0.28614307153576785,8.868282738213185
0.2866433216608304,0.4833543516160055
0.28714357178589295,6.088488293943881
0.28764382191095544,-4.826731096472333
0.288144072036018,0.3135947602997886
0.28864432216108055,-8.893663478682818
0.28914457228614304,-0.45533560440240706
0.2896448224112056,-6.10563992001349
0.2901450725362681,4.858648368660124
0.29064532266133064,-0.33231737466161526
0.2911455727863932,8.918788840348844
0.2916458229114557,0.42754943194322914
0.29214607303651824,6.122542480388474
0.2926463231615808,-4.89031936945466
0.2931465732866433,0.3508046120479009
0.29364682341170584,-8.94365733312297
0.2941470735367684,-0.3999973280054059
0.2946473236618309,-6.139194511077694
0.29514757378689344,4.921742601285164
0.29564782391195593,-0.36905501035805166
0.2961480740370185,8.968267482050292
0.29664832416208103,0.3726807712632372
0.29714857428714353,6.155594563245147
0.2976488244122061,-4.95291658175171
0.29814907453726863,0.387067122645921
0.29864932466233113,-8.992617827401958
0.2991495747873937,-0.345601225200487
0.29964982491245623,-6.17174120329976
0.3001500750375187,4.983839843707827
0.3006503251625813,-0.40483951721075995
0.3011505752876438,9.016706924765021
0.3016508254127063,0.3187601380269873
0.3021510755377689,6.187633012982652
0.30265132566283137,-5.014510935352193
0.3031515757878939,0.4223707776887826
0.3036518259129565,-9.04053334513274
0.30415207603801897,-0.2921589425852913
0.3046523261630815,-6.203268589460487
0.3051525762881441,5.0449284203176195
0.30565282641320657,-0.4396595031361423
0.3061530765382691,9.064095674987467
0.30665332666333167,0.2657990562630719
0.30715357678839417,6.218646545409791
0.3076538269134567,-5.075090877754207
0.3081540770385192,0.45670430812128693
0.30865432716358177,-9.087392516395813
0.3091545772886443,-0.23968188091234044
0.3096548274137068,-6.233765509104879
0.31015507753876936,5.104996902423271
0.3106553276638319,-0.47350382280963155
0.3111555777888944,9.11042248708928
0.31165582791395696,0.21380880275381564
0.3121560780390195,6.248624124502436
0.312656328164082,-5.134645104778551
0.31315657828914456,0.4900566930472978
0.31365682841420706,-9.133184220551062
0.3141570785392696,-0.18818119229823083
0.31465732866433216,-6.263221051326839
0.31515757878939465,5.164034111051643
0.3156578289144572,-0.5063615804462449
0.31615807903951976,9.155676366101424
0.31665832916458225,0.16280040426054576
0.3171585792896448,6.277554965156334
0.31765882941470736,-5.1931625633363705
0.31815907953976985,0.5224171624702607
0.3186593296648324,-9.177897588975778
0.3191595797898949,-0.1376677774774091
0.31965982991495745,-6.291624557500695
0.32016008004002,5.222029119667118
0.3206603301650825,-0.5382221325141723
0.32116058029014505,9.199846570414888
0.3216608304152076,0.11278463482273882
0.3221610805402701,6.305428535887951
0.32266133066533265,-5.250632454108839
0.3231615807903952,0.5537751999875207
0.3236618309154577,-9.221522007741353
0.32416208104052024,-0.08815228313312673
0.32466233116558274,-6.318965623943523
0.3251625812906453,5.2789712568308715
0.32566283141570784,-0.5690750903915527
0.32616308154077034,9.242922614438438
0.3266633316658329,0.06377201311859526
0.32716358179089544,6.33223456147007
0.32766383191595794,-5.307044234190478
0.3281640820410205,0.5841205454028646
0.32866433216608304,-9.26404712023647
0.32916458229114554,-0.03964509928933513
0.3296648324162081,-6.34523410452345
0.33016508254127064,5.33485010880984
0.33066533266633313,-0.5989103229528201
0.3311655827913957,9.284894271180264
0.3316658329164582,0.015772799876630827
0.33216608304152073,6.35796302549689
0.3326663331665833,-5.362387619650757
0.3331665832916458,0.6134431972965535
0.33366683341670833,-9.305462829716841
0.3341670835417709,0.00784364324637199
0.3346673336668334,-6.370420113192579
0.33516758379189593,5.389655522099619
0.3356678339169585,-0.627717959099126
0.336168084042021,9.32575157476618
0.3366683341670835,-0.0312030046352465
0.337168584292146,6.382604172899209
0.3376688344172086,-5.4166525880357135
0.3381690845422711,0.6417334155070544
0.3386693346673336,-9.345759301797628
0.3391695847923962,0.054304075356633064
0.3396698349174587,-6.394514026468414
0.3401700850425212,5.443377605909333
0.34067033516758377,-0.655488390222712
0.3411705852926463,9.36548482290544
0.3416708354177088,-0.0771456630580305
0.34217108554277137,6.406148512383382
0.34267133566783387,-5.469829380814346
0.3431715857928964,0.6689817235746789
0.34367183591795897,-9.384926966877462
0.34417208604302146,0.09972659204169165
0.344672336168084,-6.417506485838784
0.34517258629314657,5.4960067345627435
0.34567283641820906,-0.6822122725970856
0.3461730865432716,9.404084579273965
0.34667333666833416,-0.12204570333741849
0.34717358679339666,6.428586818807291
0.3476738369184592,-5.521908505749787
0.34817408704352176,0.6951789110962592
0.34867433716858426,-9.422956522494495
0.3491745872936468,0.14410185476973414
0.3496748374187093,-6.4393884001121755
0.35017508754377186,5.547533549834619
0.3506753376688344,-0.7078805297192634
0.3511755877938969,9.441541675850061
0.35167583791895946,-0.1658939210339092
0.352176088044022,6.449910135497214
0.3526763381690845,-5.5728807392021915
0.35317658829414705,0.7203160360289096
0.3536768384192096,-9.459838935628069
0.3541770885442721,0.18742079376103415
0.35467733866933465,-6.460150947693311
0.35517758879439715,5.59794896323506
0.3556778389194597,-0.7324843545673629
0.35617808904452225,9.47784721516662
0.35667833916958475,-0.20868138158650407
0.3571785892946473,6.470109776488828
0.35767883941970985,-5.622737128381271
0.35817908954477234,0.744384426924753
0.3586793396698349,-9.495565444917325
0.35917958979489745,0.22967461021823077
0.35967983991995994,-6.4797855787951235
0.3601800900450225,5.647244158214871
0.360680340170085,-0.7560152118058419
0.36118059029514754,9.512992572513305
0.3616808404202101,-0.2503994224973134
0.3621810905452726,6.489177328710965
0.36268134067033514,-5.6714689935105245
0.3631815907953977,0.7673756850945348
0.3636818409204602,-9.53012756283014
0.36418209104552274,0.270854778470504
0.3646823411705853,-6.498284017588382
0.3651825912956478,5.695410592301876
0.36568284142071034,-0.7784648399162921
0.3661830915457729,9.546969398055559
0.3666833416708354,-0.2910396554481345
0.36718359179589793,6.507104654094082
0.36768384192096043,-5.7190679299452105
0.368184092046023,0.7892816867043804
0.36868434217108553,-9.563517077749022
0.36918459229614803,0.3109530480688383
0.3696848424212106,-6.51563826427425
0.37018509254627313,5.742439999184717
0.3706853426713356,-0.7998252532593675
0.3711855927963982,9.579769618901029
0.37168584292146073,-0.33059396836162325
0.3721860930465232,6.5238838916137745
0.3726863431715858,-5.765525810206623
0.3731865932966483,0.8100945848103178
0.3736868434217108,-9.595726055998941
0.3741870935467734,0.3499614458016671
0.37468734367183587,-6.531840597097861
0.3751875937968984,5.788324390708246
0.375687843921961,-0.8200887440759121
0.37618809404702347,9.611385441083002
0.376688344172086,-0.36905452737681443
0.37718859429714857,6.539507459269821
0.37768884442221107,-5.810834785951038
0.3781890945472736,0.8298068113190382
0.3786893446723361,-9.626746843805638
0.37918959479739867,0.3878722776411738
0.3796898449224612,-6.546883574288748
0.3801900950475237,5.833056058820173
0.38069034517258626,-0.8392478844099411
0.3811905952976488,9.641809351489595
0.3816908454227113,-0.4064137787737172
0.38219109554777386,6.553968055988159
0.3826913456728364,-5.854987289881274
0.3831915957978989,0.8484110788786077
0.38369184592296146,-9.656572069180921
0.38419209604802396,0.4246781306319063
0.3846923461730865,-6.560760035930397
0.38519259629814906,5.876627577433613
0.38569284642321155,-0.8572955279713748
0.3861930965482741,9.67103411970923
0.38669334667333666,-0.4426644508113968
0.38719359679839915,6.567258663461415
0.3876938469234617,-5.89797603756907
0.38819409704852426,0.8659003827063416
0.38869434717358675,-9.68519464373825
0.3891945972986493,0.4603718746962757
0.38969484742371185,-6.573463105765917
0.39019509754877435,5.91903180422311
0.3906953476738369,-0.874224811923018
0.3911955977988994,9.69905279981981
0.39169584792396195,-0.4777995555113721
0.3921960980490245,6.579372547915957
0.392696348174087,-5.939794029227411
0.39319659829914955,0.8822680023385852
0.3936968484242121,-9.712607764446407
0.3941970985492746,0.49494666437758106
0.39469734867433715,-6.584986192927538
0.3951975987993997,5.960261882361314
0.3956978489244622,-0.8900291585969473
0.39619809904952474,9.725858732098844
0.39669834917458724,-0.5118123903589842
0.3971985992996498,6.590303261806947
0.39769884942471234,-5.980434551399563
0.39819909954977484,0.8975075033181037
0.3986993496748374,-9.738804915300653
0.39919959979989994,0.5283959405150149
0.39969984992496244,-6.595322993601963
0.400200100050025,6.0003112421666245
0.40070035017508754,-0.9047022771479547
0.40120060030015003,9.751445544663461
0.4017008504252126,-0.544696539944141
0.4022011005502751,6.600044645447852
0.40270135067533763,-6.0198911785796945
0.4032016008004002,0.9116127388043735
0.4037018509254627,-9.76377986893516
0.40420210105052523,0.5607134318373648
0.4047023511755878,-6.6044674926167435
0.4052026013006503,6.039173602698186
0.40570285142571283,-0.9182381651257843
0.4062031015507754,9.77580715504702
0.4067033516758379,-0.5764458775203982
0.4072036018009004,6.608590828562427
0.407703851925963,-6.058157774769232
0.4082041020510255,0.9245778511151457
0.408704352176088,-9.787526688156023
0.4092046023011505,0.5918931564990668
0.4097048524262131,-6.612413964965355
0.4102051025512756,6.076842973269089
0.4107053526763381,-0.9306311099843971
0.41120560280140067,9.79893777169318
0.4117058529264632,-0.6070545665048757
0.4122061030515257,6.615936231774436
0.41270635317658827,-6.09522849495135
0.4132066033016508,0.9363972731987324
0.4137068534267133,-9.810039727403566
0.41420710355177587,0.6219294235341657
0.41470735367683836,-6.619156977251244
0.4152076038019009,6.113313654885774
0.41570785392696347,-0.9418756905156154
0.41620810405202596,9.820831895389023
0.4167083541770885,-0.6365170618941312
0.41720860430215106,6.622075568011906
0.41770885442721356,-6.131097786502338
0.4182091045522761,0.9470657300295482
0.41870935467733866,-9.831313634149211
0.41920960480240116,0.6508168342402936
0.4197098549274637,-6.624691389066388
0.4202101050525262,6.14858024162855
0.42071035517758876,-0.9519667782096843
0.4212106053026513,9.841484320618964
0.4217108554277138,-0.6648281116177222
0.42221110555277636,6.627003843856319
0.4227113556778389,-6.165760390528276
0.4232116058029014,0.9565782399376261
0.42371185592796395,-9.851343350210177
0.4242121060530265,0.6785502834979216
0.424712356178089,-6.629012354294229
0.42521260630315155,6.18263762194241
0.4257128564282141,-0.9608995385475674
0.4262131065532766,9.860890136846702
0.42671335667833915,-0.6919827578149826
0.42721360680340165,6.630716360801188
0.4277138569284642,-6.1992113431226485
0.42821410705352675,0.9649301158590742
0.42871435717858924,-9.870124113001172
0.4292146073036518,0.7051249610041515
0.42971485742871435,-6.632115322341387
0.43021510755377684,6.215480979870242
0.4307153576788394,-0.9686694322158274
0.43121560780390195,9.879044729730321
0.43171585792896444,-0.7179763380356654
0.432216108054027,6.633208716455151
0.4327163581790895,-6.231445976565064
0.43321660830415204,0.9721169665178664
0.4337168584292146,-9.887651456706969
0.4342171085542771,0.7305363524470749
0.43471735867933964,-6.6339960392958375
0.4352176088044022,6.24710579620402
0.4357178589294647,-0.9752722162536109
0.43621810905452724,9.895943782255635
0.4367183591795898,-0.7428044863774277
0.4372186093046523,6.634476805657863
0.43771885942971483,-6.262459920430958
0.43821910955477733,0.9781346975340748
0.4387193596798399,-9.90392121338219
0.43921960980490243,0.7547802405964825
0.43971985992996493,-6.634650549011443
0.4402201100550275,6.277507849565745
0.44072036018009003,-0.980703945120708
0.4412206103051525,9.911583275804599
0.4417208604302151,-0.7664631345373314
0.44222111055527763,6.634516821530761
0.4427213606803401,-6.292249102638914
0.4432216108054027,0.9829795124573568
0.44372186093046523,-9.918929513982661
0.4442221110555277,0.777852706324845
0.4447223611805903,-6.634075194121572
0.44522261130565277,6.3066832174146
0.4457228614307153,-0.9849609716962053
0.4462231115557779,9.925959491144454
0.44672336168084037,-0.7889485128021221
0.4472236118059029,6.633325256451829
0.44772386193096547,-6.320809750423721
0.44822411205602797,0.9866479137270301
0.4487243621810905,-9.932672789315696
0.44922461230615307,0.799750129558837
0.44972486243121557,-6.632266616974265
0.4502251125562781,6.334628276982208
0.4507253626813406,-0.9880399482025526
0.45122561280640316,9.939069009343934
0.4517258629314657,-0.8102571509550209
0.4522261130565282,6.630898902955291
0.45272636318159076,-6.34813839122604
0.4532266133066533,0.9891367035604395
0.4537268634317158,-9.945147770923457
0.45422711355677836,0.8204691901473673
0.4547273636818409,-6.629221760497272
0.4552276138069034,6.361339706127653
0.45572786393196596,-0.9899378270529295
0.45622811405702846,9.950908712618805
0.456728364182091,-0.8303858791122485
0.45722861430715356,6.627234854561228
0.45772886443221605,-6.374231853521321
0.4582291145572786,0.9904429847633018
0.45872936468234116,-9.956351491887407
0.45922961480740365,0.8400068686662525
0.4597298649324662,-6.624937868988448
0.46023011505752875,6.386814484127229
0.46073036518259125,-0.9906518616301696
0.4612306153076538,9.961475785099323
0.4617308654327163,-0.8493318284880536
0.46223111555777885,6.622330506522969
0.4627313656828414,-6.399087267564804
0.4632316158079039,0.99056416146809
0.46373186593296645,-9.96628128755924
0.464232116058029,0.8583604471393791
0.4647323661830915,-6.619412488829743
0.46523261630815405,6.411049892381387
0.4657328664332166,-0.9901796069839248
0.4662331165582791,9.970767713523863
0.46673336668334164,-0.8670924320806144
0.4672336168084042,6.616183556511007
0.4677338669334667,-6.422702066063184
0.46823411705852924,0.9894979397990009
0.46873436718359174,-9.974934796219896
0.4692346173086543,0.8755275096910884
0.46973486743371684,-6.61264346912832
0.47023511755877934,6.43404351505471
0.4707353676838419,-0.9885189204600078
0.47123561780890444,9.978782287860732
0.47173586793396693,-0.8836654252835823
0.4722361180590295,6.608792005212448
0.47273636818409204,-6.4450739847769425
0.47323661830915453,0.9872423284596836
0.4737368684342171,-9.982309959660821
0.4742371185592796,0.8915059431209871
0.47473736868434213,-6.60462896228304
0.4752376188094047,6.455793239635163
0.4757378689344672,-0.9856679622487814
0.47623811905952973,9.9855176018511
0.4767383691845923,-0.8990488464284008
0.4772386193096548,6.600154156860324
0.47773886943471733,-6.466201063041241
0.4782391195597799,0.9837956392485872
0.4787393696848424,-9.988405023691199
0.4792396198099049,0.906293937406482
0.4797398699349674,-6.595367424475906
0.48024012006003,6.476297257419093
0.4807403701850925,-0.9816251958642948
0.481240620310155,9.990972053480812
0.48174087043521757,-0.9132410372437176
0.4822411205602801,6.590268619687369
0.4827413706853426,-6.486081644218167
0.48324162081040517,0.9791564874954135
0.4837418709354677,-9.993218538571211
0.4842421210605302,0.9198899861257619
0.48474237118559277,-6.584857616085671
0.4852426213106553,6.49555406392511
0.4857428714357178,-0.9763893885453907
0.48624312156078037,9.995144345374023
0.48674337168584286,-0.9262406432461372
0.4872436218109054,6.579134306305388
0.48774387193596797,-6.504714376068813
0.48824412206103046,0.9733237924288769
0.488744372186093,-9.996749359369709
0.48924462231115556,0.9322928868123599
0.48974487243621806,-6.57309860203241
0.4902451225612806,6.513562459230856
0.49074537268634316,-0.9699596115810811
0.49124562281140566,9.998033485114282
0.4917458729364682,-0.9380466140537909
0.4922461230615307,6.56675043400848
0.49274637318659326,-6.522098211050333
0.4932466233116558,0.9662967774622366
0.4937468734367183,-9.998996646245747
0.49424712356178085,0.9435017412274949
0.4947473736868434,-6.560089752039826
0.4952476238119059,6.530321548231383
0.49574787393696845,-0.9623352405632923
0.496248124062031,9.999638785488422
0.4967483741870935,-0.9486582036220419
0.49724862431215605,6.553116524999039
0.49774887443721855,-6.53823240654397
0.4982491245622811,0.958074970409676
0.49874937468734365,-9.999959864656478
0.49924962481240615,0.9535159555622696
0.4997498749374687,-6.545830740829434
0.5002501250625312,6.545830740828396
0.5007503751875938,-0.9535159555622545
0.5012506253126563,9.999959864656493
0.5017508754377188,-0.9580749704090596
0.5022511255627814,6.538232406543972
0.5027513756878439,-6.553116524999124
0.5032516258129064,0.9486582036224309
0.503751875937969,-9.999638785488461
0.5042521260630315,0.96233524056339
0.504752376188094,-6.530321548232002
0.5052526263131566,6.560089752039916
0.5057528764382191,-0.9435017412275704
0.5062531265632816,9.998996646245857
0.5067533766883441,-0.9662967774620403
0.5072536268134067,6.522098211050963
0.5077538769384692,-6.566750434008165
0.5082541270635317,0.9380466140543016
0.5087543771885943,-9.998033485114375
0.5092546273136568,0.9699596115808609
0.5097548774387193,-6.513562459231529
0.5102551275637819,6.5730986020320845
0.5107553776888444,-0.9322928868128537
0.5112556278139069,9.996749359369904
0.5117558779389695,-0.9733237924287641
0.512256128064032,6.50471437606953
0.5127563781890945,-6.579134306305197
0.5132566283141571,0.9262406432466737
0.5137568784392196,-9.995144345374264
0.5142571285642821,0.976389388544983
0.5147573786893447,-6.495554063925221
0.5152576288144072,6.584857616085972
0.5157578789394697,-0.9198899861267833
0.5162581290645323,9.993218538571373
0.5167583791895948,-0.9791564874956062
0.5172586293146573,6.486081644219094
0.5177588794397199,-6.590268619687585
0.5182591295647824,0.913241037244009
0.5187593796898449,-9.99097205348114
0.5192596298149074,0.9816251958643107
0.51975987993997,-6.476297257419397
0.5202601300650325,6.5953674244758975
0.520760380190095,-0.906293937407292
0.5212606303151576,9.98840502369142
0.5217608804402201,-0.9837956392484895
0.5222611305652826,6.4662010630421305
0.5227613806903452,-6.6001541568602144
0.5232616308154077,0.899048846429106
0.5237618809404702,-9.985517601851686
0.5242621310655328,0.9856679622488822
0.5247623811905953,-6.455793239636096
0.5252626313156578,6.604628962283155
0.5257628814407204,-0.8915059431217349
0.5262631315657829,9.98230995966128
0.5267633816908454,-0.9872423284598257
0.527263631815908,6.44507398477718
0.5277638819409705,-6.608792005212425
0.528264132066033,0.8836654252849012
0.5287643821910956,-9.978782287861021
0.5292646323161581,0.9885189204603266
0.5297648824412206,-6.434043515056272
0.530265132566283,6.6126434691278035
0.5307653826913457,-0.8755275096915955
0.5312656328164082,9.97493479622067
0.5317658829414706,-0.9894979397992278
0.5322661330665333,6.422702066063702
0.5327663831915957,-6.616183556511609
0.5332666333166582,0.8670924320817273
0.5337668834417209,-9.970767713524445
0.5342671335667833,0.9901796069845386
0.5347673836918458,-6.411049892382492
0.5352676338169085,6.619412488829852
0.535767883941971,-0.8583604471402966
0.5362681340670334,9.966281287560136
0.536768384192096,-0.9905641614681393
0.5372686343171585,6.399087267565686
0.537768884442221,-6.622330506523388
0.5382691345672836,0.8493318284890128
0.5387693846923461,-9.961475785100001
0.5392696348174086,0.990651861630524
0.5397698849424712,-6.3868144841275925
0.5402701350675337,6.624937868988642
0.5407703851925962,-0.8400068686675439
0.5412706353176588,9.956351491887819
0.5417708854427213,-0.9904429847634009
0.5422711355677838,6.374231853523101
0.5427713856928463,-6.627234854560928
0.5432716358179089,0.8303858791129706
0.5437718859429714,-9.950908712619885
0.5442721360680339,0.9899378270533368
0.5447723861930965,-6.361339706128067
0.545272636318159,6.629221760498087
0.5457728864432215,-0.8204691901487786
0.5462731365682841,9.945147770924251
0.5467733866933466,-0.9891367035612673
0.5472736368184091,6.3481383912273595
0.5477738869434717,-6.630898902956149
0.5482741370685342,0.8102571509558292
0.5487743871935967,-9.939069009345134
0.5492746373186593,0.9880399482027249
0.5497748874437218,-6.334628276983217
0.5502751375687843,6.63226661697463
0.5507753876938469,-0.7997501295593263
0.5512756378189094,9.932672789316594
0.5517758879439719,-0.9866479137279622
0.5522761380690345,6.320809750424209
0.552776388194097,-6.6333252564522365
0.5532766383191595,0.7889485128037119
0.5537768884442221,-9.925959491144994
0.5542771385692846,0.9849609716968106
0.5547773886943471,-6.306683217416594
0.5552776388194096,6.6340751941220235
0.5557778889444722,-0.7778527063260974
0.5562781390695347,9.918929513983645
0.5567783891945972,-0.9829795124580576
0.5572786393196598,6.2922491026394525
0.5577788894447223,-6.634516821531379
0.5582791395697848,0.7664631345393582
0.5587793896948474,-9.911583275805604
0.5592796398199099,0.9807039451217481
0.5597798899449724,-6.277507849567279
0.560280140070035,6.634650549012513
0.5607803901950975,-0.754780240597503
0.56128064032016,9.903921213383697
0.5617808904452226,-0.9781346975348062
0.5622811405702851,6.262459920431544
0.5627813906953476,-6.6344768056584424
0.5632816408204102,0.7428044863780396
0.5637818909454727,-9.895943782256749
0.5642821410705352,0.9752722162548397
0.5647823911955978,-6.247105796204632
0.5652826413206603,6.633996039295996
0.5657828914457228,-0.7305363524489605
0.5662831415707853,9.887651456708594
0.5667833916958479,-0.9721169665186808
0.5672836418209104,6.231445976566726
0.5677838919459729,-6.633208716455814
0.5682841420710355,0.7179763380371265
0.568784392196098,-9.87904472973152
0.5692846423211605,0.9686694322171743
0.5697848924462231,-6.215480979871451
0.5702851425712856,6.632115322341596
0.5707853926963481,-0.7051249610059669
0.5712856428214107,9.87012411300239
0.5717858929464732,-0.9649301158603261
0.5722861430715357,6.199211343125454
0.5727863931965983,-6.630716360802468
0.5732866433216608,0.6919827578162145
0.5737868934467233,-9.86089013684851
0.5742871435717859,0.9608995385483357
0.5747873936968484,-6.182637621943651
0.5752876438219109,6.62901235429502
0.5757878939469735,-0.6785502834986588
0.576288144072036,9.85134335021148
0.5767883941970985,-0.956578239939148
0.5772886443221611,6.165760390529011
0.5777888944472236,-6.627003843856601
0.5782891445722861,0.6648281116193466
0.5787893946973486,-9.841484320620335
0.5792896448224112,0.9519667782107049
0.5797898949474737,-6.148580241630421
0.5802901450725362,6.624691389067263
0.5807903951975988,-0.6508168342419598
0.5812906453226613,9.831313634150625
0.5817908954477238,-0.9470657300311887
0.5822911455727864,6.131097786504252
0.5827913956978489,-6.622075568012823
0.5832916458229114,0.63651706189584
0.583791895947974,-9.82083189539048
0.5842921460730365,0.941875690516718
0.584792396198099,-6.113313654888877
0.5852926463231616,6.619156977252132
0.5857928964482241,-0.6219294235349997
0.5862931465732866,9.810039727405705
0.5867933966983492,-0.9363972731996233
0.5872936468234117,6.0952284949527975
0.5877938969484742,-6.6159362317754375
0.5882941470735368,0.6070545665057336
0.5887943971985993,-9.798937771694689
0.5892946473236618,0.9306311099862108
0.5897948974487243,-6.076842973271762
0.5902951475737869,6.61241396496629
0.5907953976988494,-0.5918931565008974
0.5912956478239119,9.787526688157605
0.5917958979489745,-0.9245778511163718
0.592296148074037,6.058157774771313
0.5927963981990995,-6.608590828564166
0.5932966483241621,0.576445877522116
0.5937968984492246,-9.775807155048629
0.5942971485742871,0.9182381651275326
0.5947973986993497,-6.039173602700309
0.5952976488244122,6.60446749261787
0.5957978989494747,-0.5607134318394298
0.5962981490745373,9.763779868936826
0.5967983991995998,-0.9116127388056805
0.5972986493246623,6.019891178582818
0.5977988994497249,-6.600044645448332
0.5982991495747874,0.5446965399454005
0.5987993996998499,-9.751445544665188
0.5992996498249125,0.9047022771491471
0.599799899949975,-6.000311242168278
0.6003001500750375,6.595322993602908
0.6008004002001001,-0.5283959405158427
0.6013006503251626,9.738804915302387
0.601800900450225,-0.897507503320206
0.6023011505752875,5.980434551402528
0.6028014007003502,-6.590303261808462
0.6033016508254126,0.5118123903610172
0.6038019009504751,-9.725858732100637
0.6043021510755378,0.8900291585985571
0.6048024012006002,-5.960261882363326
0.6053026513256627,6.584986192929566
0.6058029014507254,-0.49494666437876056
0.6063031515757878,9.712607764447476
0.6068034017008503,-0.8822680023408012
0.607303651825913,5.939794029229463
0.6078039019509754,-6.579372547917554
0.6083041520760379,0.47779955551363607
0.6088044022011005,-9.699052799821684
0.609304652326163,0.8742248119245253
0.6098049024512255,-5.919031804226524
0.6103051525762881,6.573463105766782
0.6108054027013506,-0.4603718746976533
0.6113056528264131,9.685194643740186
0.6118059029514757,-0.8659003827072898
0.6123061530765382,5.897976037571481
0.6128064032016007,-6.567258663463354
0.6133066533266633,0.4426644508123454
0.6138069034517258,-9.671034119711148
0.6143071535767883,0.8572955279735779
0.6148074037018508,-5.876627577437142
0.6153076538269134,6.560760035932114
0.6158079039519759,-0.4246781306341383
0.6163081540770384,9.656572069182921
0.616808404202101,-0.8484110788804187
0.6173086543271635,5.854987289883489
0.617808904452226,-6.553968055990477
0.6183091545772886,0.40641377877501306
0.6188094047023511,-9.641809351490785
0.6193096548274136,0.8392478844116082
0.6198099049524762,-5.833056058822428
0.6203101550775387,6.546883574290548
0.6208104052026012,-0.3878722776443295
0.6213106553276638,9.626746843807698
0.6218109054527263,-0.8298068113209291
0.6223111555777888,5.8108347859547385
0.6228114057028514,-6.539507459271066
0.6233116558279139,0.36905452737916455
0.6238119059529764,-9.611385441085146
0.624312156078039,0.8200887440769762
0.6248124062031015,-5.788324390710859
0.625312656328164,6.531840597100087
0.6258129064532265,-0.3499614458050795
0.6263131565782891,9.595726056000226
0.6268134067033516,-0.8100945848119183
0.6273136568284141,5.765525810210437
0.6278139069534767,-6.523883891615956
0.6283141570785392,0.3305939683640515
0.6288144072036017,-9.579769618903256
0.6293146573286643,0.7998252532613765
0.6298149074537268,-5.742439999186855
0.6303151575787893,6.515638264276851
0.6308154077038519,-0.3109530480711573
0.6313156578289144,9.563517077750333
0.6318159079539769,-0.7892816867062433
0.6323161580790395,5.7190679299476646
0.632816408204102,-6.50710465409608
0.6333166583291645,0.2910396554515655
0.6338169084542271,-9.546969398056866
0.6343171585792896,0.778464839917449
0.6348174087043521,-5.695410592305581
0.6353176588294147,6.498284017589743
0.6358179089544772,-0.27085477847290207
0.6363181590795397,9.530127562832488
0.6368184092046023,-0.7673756850958995
0.6373186593296648,5.671468993513335
0.6378189094547273,-6.489177328713471
0.6383191595797898,0.2503994225010011
0.6388194097048524,-9.51299257251471
0.6393196598299149,0.7560152118076346
0.6398199099549774,-5.6472441582179975
0.64032016008004,6.479785578796978
0.6408204102051025,-0.22967461022085267
0.641320660330165,9.495565444920732
0.6418209104552276,-0.7443844269271436
0.6423211605802901,5.622737128383605
0.6428214107053526,-6.470109776491446
0.6433216608304152,0.2086813815890176
0.6438219109554777,-9.477847215169012
0.6443221610805402,0.7324843545694186
0.6448224112056028,-5.597948963237711
0.6453226613306653,6.460150947695506
0.6458229114557278,-0.18742079376473697
0.6463231615807904,9.45983893562949
0.6468234117058529,-0.7203160360301792
0.6473236618309154,5.572880739205158
0.647823911955978,-6.4499101354986905
0.6483241620810405,0.1658939210365009
0.648824412206103,-9.441541675852584
0.6493246623311655,0.7078805297213955
0.6498249124562281,-5.547533549837347
0.6503251625812906,6.43938840011496
0.6508254127063531,-0.14410185477354442
0.6513256628314157,9.422956522497056
0.6518259129564782,-0.6951789110973836
0.6523261630815407,5.521908505754156
0.6528264132066033,-6.4285868188093405
0.6533266633316658,0.12204570334022957
0.6538269134567283,-9.40408457927765
0.6543271635817909,0.6822122725982322
0.6548274137068534,-5.496006734564763
0.6553276638319159,6.417506485840612
0.6558279139569785,-0.09972659204532164
0.656328164082041,9.384926966881117
0.6568284142071035,-0.6689817235778102
0.6573286643321661,5.469829380817188
0.6578289144572286,-6.40614851238603
0.6583291645822911,0.07714566306200066
0.6588294147073537,-9.365484822906975
0.6593296648324162,0.6554883902240918
0.6598299149574787,-5.4433776059124925
0.6603301650825413,6.3945140264689035
0.6608304152076038,-0.05430407535831261
0.6613306653326663,9.345759301800344
0.6618309154577288,-0.6417334155115868
0.6623311655827914,5.416652588038631
0.6628314157078539,-6.382604172902525
0.6633316658329164,0.031203004639321463
0.663831915957979,-9.325751574768907
0.6643321660830415,0.6277179591016715
0.664832416208104,-5.389655522102853
0.6653326663331666,6.370420113193692
0.6658329164582291,-0.007843643248236276
0.6663331665832916,9.305462829719666
0.6668334167083542,-0.6134431972989454
0.6673336668334167,5.3623876196540285
0.6678339169584792,-6.357963025500053
0.6683341670835418,-0.015772799873598586
0.6688344172086043,-9.284894271183095
0.6693346673336668,0.5989103229550587
0.6698349174587294,-5.334850108810002
0.6703351675837919,6.345234104525124
0.6708354177088544,0.03964509928612436
0.671335667833917,9.264047120239248
0.6718359179589795,-0.5841205454068801
0.672336168084042,5.307044234194996
0.6728364182091046,-6.3322345614717666
0.673336668334167,-0.06377201311563141
0.6738369184592296,-9.242922614442527
0.674337168584292,0.5690750903946462
0.6748374187093547,-5.278971256833382
0.6753376688344171,6.318965623945912
0.6758379189594796,0.08815228312998435
0.6763381690845423,9.221522007744866
0.6768384192096047,-0.55377519999085
0.6773386693346672,5.250632454114061
0.6778389194597298,-6.305428535890636
0.6783391695847923,-0.11278463481970302
0.6788394197098548,-9.199846570419083
0.6793396698349174,0.53822213251614
0.6798399199599799,-5.222029119669967
0.6803401700850424,6.2916245575028995
0.680840420210105,0.13766777747541958
0.6813406703351675,9.177897588977572
0.68184092046023,-0.5224171624720633
0.6823411705852926,5.193162563338969
0.6828414207103551,-6.277554965158835
0.6833416708354176,-0.16280040425591835
0.6838419209604802,-9.15567636610314
0.6843421710855427,0.5063615804486519
0.6848424212106052,-5.164034111056075
0.6853426713356677,6.263221051329744
0.6858429214607303,0.188181192296339
0.6863431715857928,9.133184220554156
0.6868434217108553,-0.49005669304934907
0.6873436718359179,5.13464510478247
0.6878439219609804,-6.2486241245059
0.6883441720860429,-0.2138088027492291
0.6888444222111055,-9.110422487092379
0.689344672336168,0.4735038228125399
0.6898449224612305,-5.104996902427512
0.6903451725862931,6.233765509106467
0.6908454227113556,0.23968188091040776
0.6913456728364181,9.087392516398978
0.6918459229614807,-0.45670430812487384
0.6923461730865432,5.075090877758212
0.6928464232116057,-6.2186465454141215
0.6933466733366683,-0.2657990562612573
0.6938469234617308,-9.064095674990671
0.6943471735867933,0.4396595031393873
0.6948474237118559,-5.044928420319054
0.6953476738369184,6.203268589462514
0.6958479239619809,0.2921589425817306
0.6963481740870435,9.040533345133316
0.696848424212106,-0.4223707776922607
0.6973486743371685,5.014510935358161
0.697848924462231,-6.187633012987098
0.6983491745872936,-0.3187601380238041
0.6988494247123561,-9.016706924769661
0.6993496748374186,0.40483951721475364
0.6998499249624812,-4.983839843710623
0.7003501750875437,6.171741203302357
0.7008504252126062,0.34560122519699554
0.7013506753376688,8.992617827403887
0.7018509254627313,-0.3870671226476574
0.7023511755877938,4.952916581754812
0.7028514257128564,-6.155594563248867
0.7033516758379189,-0.37268077125916843
0.7038519259629814,-8.968267482054998
0.704352176088044,0.3690550103604884
0.7048524262131065,-4.921742601288016
0.705352676338169,6.1391945110811985
0.7058529264632316,0.399997328004174
0.7063531765882941,8.943657333124943
0.7068534267133566,-0.3508046120506614
0.7073536768384192,4.890319369457258
0.7078539269634817,-6.1225424803920205
0.7083541770885442,-0.4275494319381159
0.7088544272136067,-8.918788840353686
0.7093546773386693,0.33231737466460576
0.7098549274637318,-4.858648368664983
0.7103551775887943,6.105639920016822
0.7108554277138569,0.45533560440017773
0.7113556778389194,8.893663478684868
0.7118559279639819,-0.3135947603026157
0.7123561780890445,4.826731096476394
0.712856428214107,-6.088488293947512
0.7133566783391695,-0.483354351610092
0.7138569284642321,-8.868282738216635
0.7143571785892946,0.29463824613131084
0.7148574287143571,-4.7945690655342865
0.7153576788394197,6.071089081235057
0.7158579289644822,0.5116041648067773
0.7163581790895447,8.842648124079425
0.7168584292146073,-0.2754493242844478
0.7173586793396698,4.762163803458939
0.7178589294647323,-6.053443775910857
0.7183591795897949,-0.5400835202958998
0.7188594297148574,-8.816761156356357
0.7193596798399199,0.2560295017878427
0.7198599299649825,-4.729516852758176
0.720360180090045,6.035553886866675
0.7208604302151075,0.5687908795768548
0.72136068034017,8.790623369987593
0.7218609304652326,-0.23638030043358338
0.7223611805902951,4.696629770742583
0.7228614307153576,-6.01742093779487
0.7233616808404202,-0.5977246894228152
0.7238619309654827,-8.764236314675031
0.7243621810905452,0.21650325672612514
0.7248624312156078,-4.663504129411499
0.7253626813406703,5.999046467066304
0.7258629314657328,0.6268833819773252
0.7263631815907954,8.737601554784266
0.7268634317158579,-0.19639992174369736
0.7273636818409204,4.630141515372506
0.727863931965983,-5.98043202764563
0.7283641820910455,-0.6562653748529601
0.728864432216108,-8.710720669263088
0.7293646823411706,0.17607186108129858
0.7298649324662331,-4.596543529736689
0.7303651825912956,5.961579186990991
0.7308654327163582,0.6858690712285966
0.7313656828414207,8.683595251510715
0.7318659329664832,-0.1555206547244259
0.7323661830915458,4.56271178802707
0.7328664332166083,-5.942489526960784
0.7333666833416708,-0.7156928599347769
0.7338669334667333,-8.656226909325257
0.7343671835917959,0.1347478969650635
0.7348674337168584,-4.528647920074938
0.7353676838419209,5.923164643709351
0.7358679339669835,0.7457351155856213
0.736368184092046,8.628617264755736
0.7368684342171085,-0.11375519629709929
0.7373686843421711,4.494353569917834
0.7378689344672336,-5.903606147591975
0.7383691845922961,-0.7759941986315617
0.7388694347173587,-8.600767954048129
0.7393696848424212,0.09254417531938808
0.7398699349674837,-4.459830395717952
0.7403701850925463,5.883815663058242
0.7408704352176088,0.8064684555113169
0.7413706853426713,8.572680627510788
0.7418709354677339,-0.07111647062923199
0.7423711855927964,4.425080069621852
0.7428714357178589,-5.863794828562652
0.7433716858429215,-0.8371562187044006
0.743871935967984,-8.544356949427602
0.7443721860930465,0.049473732735777265
0.744872436218109,-4.390104277711622
0.7453726863431716,5.8435452964483545
0.745872936468234,0.8680558068699198
0.7463731865932965,8.515798597953303
0.7468734367183592,-0.027617625926383838
0.7473736868434216,4.354904719844055
0.7478739369684841,-5.823068732850913
0.7483741870935467,-0.8991655249341135
0.7488744372186092,-8.487007265008813
0.7493746873436717,0.0055498282058970005
0.7498749374687343,-4.319483109600189
0.7503751875937968,5.802366817595869
0.7508754377188593,0.9304836641960321
0.751375687843922,8.457984656174684
0.7518759379689844,0.01672796885490868
0.7523761880940469,4.283841174143648
0.7528764382191095,-5.781441244090447
0.753376688344172,-0.9620085024345926
0.7538769384692345,-8.42873249060174
0.7543771885942971,-0.03921406017910645
0.7548774387193596,-4.247980654128694
0.7553776888444221,5.760293719219479
0.7558779389694847,0.9937383040161176
0.7563781890945472,8.399252500869203
0.7568784392196097,0.06190672732537994
0.7573786893446722,4.21190330359691
0.7578789394697348,-5.738925963237728
0.7583791895947973,-1.0256713199843643
0.7588794397198598,-8.369546432927544
0.7593796898449224,-0.08480423857526587
0.7598799399699849,-4.17561088986216
0.7603801900950474,5.717339709673544
0.76088044022011,1.0578057882063696
0.7613806903451725,8.339616045937355
0.761880940470235,0.10790484904854392
0.7623811905952976,4.139105193405442
0.7628814407203601,-5.695536705191596
0.7633816908454226,-1.0901399334319053
0.7638819409704852,-8.309463112211194
0.7643821910955477,-0.13120680080816305
0.7648824412206102,-4.102388007780534
0.7653826913456728,5.673518709524734
0.7658829414707353,1.1226719674411134
0.7663831915957978,8.279089417067711
0.7668834417208604,0.15470832297581483
0.7673836918459229,4.065461139465927
0.7678839419709854,-5.6512874953298695
0.7683841920960479,-1.1554000891358869
0.7688844422211105,-8.248496758737717
0.769384692346173,-0.17840763182398067
0.7698849424712355,-4.028326407808674
0.7703851925962981,5.628844848096115
0.7708854427213606,1.1883224846561355
0.7713856928464231,8.21768694825109
0.7718859429714857,0.20230293092251106
0.7723861930965482,3.990985644854134
0.7728864432216107,-5.606192566024653
0.7733866933466733,-1.2214373274885064
0.7738869434717358,-8.186661809323809
0.7743871935967983,-0.22639241120388265
0.7748874437218609,-3.9534406952910923
0.7753876938469234,5.583332459923735
0.7758879439719859,1.25474277858092
0.7763881940970485,8.155423178243119
0.776888444222111,0.25067425112469977
0.7773886943471735,3.91569341629647
0.7778889444722361,-5.560266353086828
0.7783891945972986,-1.2882369864588492
0.7788894447223611,-8.123972903767823
0.7793896948474237,-0.27514661673192675
0.7798899449724862,-3.877745677439399
0.7803901950975487,5.536996081198463
0.7808904452226112,1.3219180873201943
0.7813906953476738,8.092312846993272
0.7818909454727363,0.29980766181325214
0.7823911955977988,3.8395993605668886
0.7828914457228614,-5.513523492183488
0.7833916958479239,-1.3557842051902749
0.7838919459729864,-8.060444881251152
0.784392196098049,-0.32465552799301145
0.7848924462231115,-3.801256359683707
0.785392696348174,5.489850446138939
0.7858929464732366,1.3898334519866689
0.7863931965982991,8.028370891989674
0.7868934467233616,0.34968834485572753
0.7873936968484242,3.7627185808391865
0.7878939469734867,-5.465978815168887
0.7883941970985492,-1.4240639276736284
0.7888944472236118,-7.996092776658461
0.7893946973486743,-0.3749042300566874
0.7898949474737368,-3.7239879420234647
0.7903951975987994,5.441910483315381
0.7908954477238619,1.458473720363572
0.7913956978489244,7.963612444590682
0.791895947973987,0.4003012894471274
0.7923961980990495,3.685066373011433
0.792896448224112,-5.417647346404069
0.7933966983491745,-1.4930609064354297
0.7938969484742371,-7.930931816885468
0.7943971985992996,-0.4258776171723344
0.7948974487243621,-3.645955815301879
0.7953976988494247,5.393191311945396
0.7958979489744872,1.5278235506551399
0.7963981990995497,7.898052826290108
0.7968984492246123,0.451631295828256
0.7973986993496748,3.6066582219365877
0.7978989494747373,-5.368544299008752
0.7983991995997999,-1.5627597062968341
0.7988994497248624,-7.864977417076323
0.7993996998499249,-0.4775603965345825
0.7998999499749875,-3.5671755574385884
0.80040020010005,5.3437082381074665
0.8009004502251125,1.5978674152439996
0.8014007003501751,7.831707544936235
0.8019009504752376,0.5036629790888054
0.8024012006003001,3.5275097976526086
0.8029014507253627,-5.3186850710694
0.8034017008504252,-1.6331447081524226
0.8039019509754877,-7.798245176838921
0.8044022011005502,-0.529937092073657
0.8049024512256128,-3.4876629296373185
0.8054027013506753,5.293476750939042
0.8059029514757378,1.6685896045134494
0.8064032016008004,7.76459229092389
0.8069034517258629,0.5563807729783479
0.8074037018509254,3.447636951546344
0.807903951975988,-5.268085241814636
0.8084042021010505,-1.7042001128371096
0.808904452226113,-7.7307508763761605
0.8094047023511756,-0.5829920483234914
0.8099049524762381,-3.4074338725009565
0.8104052026013006,5.242512518778658
0.8109054527263632,1.739974230717436
0.8114057028514257,7.696722933302781
0.8119059529764882,0.6097689337825511
0.8124062031015508,3.3670557124667564
0.8129064532266133,-5.216760567719593
0.8134067033516758,-1.7759099449963576
0.8139069534767384,-7.66251047261021
0.8144072036018009,-0.6367094343035458
0.8149074537268634,-3.326504502149568
0.815407703851926,5.190831385258609
0.8159079539769885,1.812005231870788
0.816408204102051,7.628115515880596
0.8169084542271134,0.663811544238083
0.817408704352176,3.2857822828244774
0.8179089544772385,-5.1647269785908545
0.818409204602301,-1.8482580570194003
0.8189094547273637,-7.59354009524168
0.8194097048524261,-0.6910732474615267
0.8199099549774886,-3.2448911062696486
0.8204102051025512,5.138449365373875
0.8209104552276137,1.8846663757275253
0.8214107053526762,7.558786253263602
0.8219109554777388,0.7184925174934684
0.8224112056028013,3.20383303459619
0.8229114557278638,-5.112000573600751
0.8234117058529264,-1.9212281330175038
0.8239119559779889,-7.523856042787569
0.8244122061030514,-0.7460673176387038
0.824912456228114,-3.1626101401415334
0.8254127063531765,5.085382641473372
0.825912956478239,1.957941263755533
0.8264132066033016,7.488751526855589
0.8269134567283641,0.77379560109939
0.8274137068534266,3.1212245053399514
0.8279139569784892,-5.058597617271694
0.8284142071035517,-1.9948036928212627
0.8289144572286142,-7.4534747785398565
0.8294147073536767,-0.8016753111102854
0.8299149574787393,-3.0796782225905943
0.8304152076038018,5.031647559244764
0.8309154577288643,2.031813335176823
0.8314157078539269,7.4180278808344715
0.8319159579789894,0.8297043810632534
0.8324162081040519,3.0379733941362153
0.8329164582291145,-5.004534535444648
0.833416708354177,-2.068968096059704
0.8339169584792395,-7.382412926523206
0.8344172086043021,-0.8578807346365456
0.8349174587293646,-2.9961121319299897
0.8354177088544271,4.9772606236455506
0.8359179589794897,2.1062658710483673
0.8364182091045522,7.346632018050512
0.8369184592296147,0.8862022859238743
0.8374187093546773,2.954096557503418
0.8379189594797398,-4.949827911165508
0.8384192096048023,-2.1437045462389794
0.8389194597298649,-7.3106872673879675
0.8394197098549274,-0.9146669395680358
0.8399199599799899,-2.91192880185232
0.8404202101050524,4.922238494784785
0.840920460230115,2.181281998355402
0.8414207103551775,7.274580795924243
0.84192096048024,0.9432725908720965
0.8424212106053026,2.8696110052826507
0.8429214607303651,-4.894494480576891
0.8434217108554276,-2.218996094881439
0.8439219609804902,-7.2383147342896
0.8444222111055527,-0.9720171259706367
0.8449224612306152,-2.8271453172964334
0.8454227113556778,4.866597983796318
0.8459229614807403,2.2568446941939015
0.8464232116058028,7.201891222285855
0.8469234617308654,1.0008984219095183
0.8474237118559279,2.784533896450576
0.8479239619809904,-4.8385511287429885
0.848424212106053,-2.294825645697959
0.8489244622311155,-7.1653124086894895
0.849424712356178,-1.029914346822637
0.8499249624812406,-2.7417789102360457
0.8504252126063031,4.810356048630097
0.8509254627313656,2.332936789939263
0.8514257128564282,7.128580451179717
0.8519259629814907,1.0590627600367655
0.8524262131065532,2.6988825349349974
0.8529264632316157,-4.782014885450419
0.8534267133566783,-2.3711759587813166
0.8539269634817408,-7.091697516161225
0.8544272136068033,-1.0883415122171032
0.8549274637318659,-2.655846955484586
0.8554277138569284,4.753529789846974
0.8559279639819909,2.4095409754776616
0.8564282141070535,7.054665778650797
0.856928464232116,1.1177484454965967
0.8574287143571785,2.612674365369278
0.8579289644822411,-4.7249029209692655
0.8584292146073036,-2.4480296548726708
0.8589294647323661,-7.017487422139494
0.8594297148574287,-1.1472813936150108
0.8599299649824912,-2.569366966437082
0.8604302151075537,4.696136446359288
0.8609304652326163,2.4866398034725865
0.8614307153576788,6.980164638456815
0.8619309654827413,1.176938182032992
0.8624312156078039,2.5259269688231436
0.8629314657328664,-4.667232541791149
0.8634317158579289,-2.5253692196250426
0.8639319659829914,-6.942699627638418
0.864432216108054,-1.2067166281124617
0.8649324662331165,-2.4823565907693697
0.865432716358179,4.638193391152101
0.8659329664832416,2.564215693638099
0.8664332166083041,6.905094597786954
0.8669334667333666,1.2366145411912965
0.8674337168584292,2.4386580585090973
0.8679339669834917,-4.609021186302619
0.8684342171085542,-2.6031770079158782
0.8689344672336168,-6.867351764934645
0.8694347173586793,-1.2666297227821595
0.8699349674837418,-2.3948336061278135
0.8704352176088044,4.579718126940079
0.8709354677338669,2.6422509370972747
0.8714357178589294,6.829473352926249
0.871935967983992,1.2967599666520906
0.8724362181090545,2.3508854754218236
0.872936468234117,-4.550286420460978
0.8734367183591796,-2.6814352481966637
0.8739369684842421,-6.791461593236416
0.8744372186093046,-1.3270030590018507
0.8749374687343672,-2.3068159157624377
0.8754377188594297,4.520728281824301
0.8759379689844922,2.7207277007203676
0.8764382191095547,6.753318724895074
0.8769384692346173,1.3573567785835676
0.8774387193596798,2.262627183980365
0.8779389694847423,-4.491045933424123
0.8784392196098049,-2.7601260468507105
0.8789394697348674,-6.715046994281099
0.8794397198599299,-1.3878188968429206
0.8799399699849925,-2.2183215441710726
0.880440220110055,4.461241604918705
0.8809404702351175,2.7996280315251467
0.8814407203601801,6.676648655049545
0.8819409704852426,1.4183871780576223
0.882441220610305,2.173901267630617
0.8829414707353677,-4.4313175331401276
0.8834417208604302,-2.8392313926230264
0.8839419709854927,-6.638125967944086
0.8844422211105553,-1.449059379480592
0.8849424712356178,-2.129368632643339
0.8854427213606803,4.401275961913679
0.8859429714857429,2.8789338610812205
0.8864432216108054,6.599481200679
0.8869434717358678,1.4798332514589312
0.8874437218609305,2.084725924406952
0.887943971985993,-4.371119141938447
0.8884442221110554,-2.9187331610397256
0.8889444722361179,-6.560716627796556
0.8894447223611806,-1.510706537616144
0.889944972486243,-2.0399754348459647
0.8904452226113055,4.3408493306421825
0.8909454727363681,2.9586270099813206
0.8914457228614306,6.521834530525774
0.8919459729864931,1.5416769749380261
0.8924462231115557,1.9951194624925113
0.8929464732366182,-4.310468792045757
0.8934467233616807,-2.9986131188720755
0.8939469734867433,-6.48283719663781
0.8944472236118058,-1.5727422939694016
0.8949474737368683,-1.9501603123424696
0.8954477238619309,4.279979796608449
0.8959479739869934,3.038689192306566
0.8964482241120559,6.443726920326462
0.8969484742371185,1.603900218900521
0.897448724362181,1.9051002957097445
0.8979489744872435,-4.249384621116981
0.8984492246123061,-3.078852928631962
0.8989494747373686,-6.404506002019506
0.8994497248624311,-1.6351484677512542
0.8999499749874936,-1.8599417300915064
0.9004502251125562,4.218685548495605
0.9009504752376187,3.1191020201151076
0.9014507253626812,6.36517674829745
0.9019509754877438,1.6664847524923085
0.9024512256128063,1.8146869390217057
0.9029514757378688,-4.187884867724053
0.9034517258629314,-3.159434153069489
0.9039519759879939,-6.32574147170261
0.9044522261130564,-1.6979067791916849
0.904952476238119,-1.7693382519255378
0.9054527263631815,4.156984873629932
0.905952976488244,3.19984700799737
0.9064532266133066,6.28620249062099
0.9069534767383691,1.7294122481572003
0.9074537268634316,1.7238980039984895
0.9079539769884942,-4.12598786681005
0.9084542271135567,-3.2403382597384343
0.9089544772386192,-6.246562129132553
0.9094547273636818,-1.7609988540837442
0.9099549774887443,-1.6783685360154688
0.9104552276138068,4.094896153439696
0.9109554777388694,3.2809055776083533
0.9114557278639319,6.206822716868271
0.9119559779889944,1.7926642861755653
0.9124562281140569,1.6327521942538483
0.9129564782391195,-4.063712045150972
0.913456728364182,-3.3215466255443538
0.9139569784892445,-6.166986588868026
0.9144572286143071,-1.8244062283343545
0.9149574787393696,-1.5870513302754163
0.9154577288644321,4.032437858883786
0.9159579789894947,3.3622590622530284
0.9164582291145572,6.1270560854311675
0.9169584792396197,1.856222359242863
0.9174587293646823,1.5412683008535475
0.9179589794897448,-4.001075916746601
0.9184592296148073,-3.4030405413325266
0.9189594797398699,-6.087033551990155
0.9194597298649324,-1.888110352575675
0.9199599799899949,-1.4954054677818442
0.9204602301150575,3.9696285458581393
0.92096048024012,3.4438887114653403
0.9214607303651825,6.046921338939709
0.9219609804902451,1.9200678770788138
0.9224612306153076,1.4494651977411168
0.9229614807403701,-3.9380980782333426
0.9234617308654326,-3.484801216496727
0.9239619809904952,-6.006721801509517
0.9244622311155577,-1.9520925967628944
0.9249624812406202,-1.403449862161376
0.9254627313656828,3.9064868505889696
0.9259629814907453,3.5257756956518556
0.9264632316158078,5.966437299615029
0.9269634817408704,1.9841821710262901
0.9274637318659329,1.3573618370708773
0.9279639819909954,-3.8747972042597696
0.928464232116058,-3.566809783612583
0.9289644822411205,-5.926070197710835
0.929464732366183,-2.0163342548058365
0.9299649824912456,-1.3112035029472566
0.9304652326163081,3.8430314849860556
0.9309654827413706,3.6079011107132803
0.9314657328664332,5.88562286464648
0.9319659829914957,2.0485464987180837
0.9324662331165582,1.2649772445938825
0.9329664832416208,-3.811192042833339
0.9334667333666833,-3.6490473030642536
0.9339669834917458,-5.84509767352081
0.9344672336168084,-2.0808165492186026
0.9349674837418709,-1.2186854509449214
0.9354677338669334,3.7792812319975324
0.9359679839919959,3.690245982702342
0.9364682341170585,5.804497001528556
0.936968484242121,2.113142048722413
0.9374687343671835,1.1723305149867564
0.9379689844922461,-3.7473014106807874
0.9384692346173086,-3.7314947677373453
0.9389694847423711,-5.763823229839191
0.9394697348674337,-2.1455206357780203
0.9399699849924962,-1.1259148335356521
0.9404702351175587,3.7152549409395452
0.9409704852426213,3.7727912725031616
0.9414707353676838,5.723078743399638
0.9419709854927463,2.1779499452008078
0.9424712356178089,1.0794408071645494
0.9429714857428714,-3.683144188541514
0.9434717358679339,-3.814133107681966
0.9439719859929965,-5.682265930850085
0.944472236118059,-2.2104276082208605
0.9449724862431215,-1.0329108400024005
0.9454727363681841,3.6509715228094244
0.9459729864932466,3.8555178805024646
0.9464732366183091,5.641387184327709
0.9469734867433717,2.2429512526310242
0.9474737368684342,0.9863273396103086
0.9479739869934967,-3.6187393164952533
0.9484742371185592,-3.8969431948158615
0.9489744872436218,-5.600444899341609
0.9494747373686843,-2.275518502934286
0.9499749874937468,-0.9396927168295586
0.9504752376188094,3.5864499455919354
0.9509754877438719,3.9384066513205194
0.9514757378689344,5.559441474621068
0.951975987993997,2.3081269804913607
0.9524762381190595,0.8930093856339056
0.952976488244122,-3.554105789243553
0.9534767383691846,-3.9799058476381926
0.9539769884942471,-5.518379311966482
0.9544772386193096,-2.340774303669373
0.9549774887443722,-0.8462797629771696
0.9554777388694347,3.521709229530354
0.9559779889944972,4.0214383785132615
0.9564782391195598,5.477260816098781
0.9569784892446223,2.373458087990728
0.9574787393696848,0.799506268664285
0.9579789894947474,-3.4892626513871914
0.9584792396198099,-4.063001835938042
0.9589794897448723,-5.436088394532525
0.9594797398699348,-2.406175946264123
0.9599799899949975,-0.752691325170359
0.96048024012006,3.456768442405843
0.9609804902451224,4.104593809305191
0.961480740370185,5.3948644573783255
0.9619809904952475,2.4389254887788394
0.96248124062031,0.7058373575227345
0.9629814907453726,-3.424228992709133
0.9634817408704351,-4.146211885558057
0.9639819909954976,-5.35359141726198
0.9644822411205602,-2.471704323390992
0.9649824912456227,-0.6589467931319969
0.9654827413706852,3.391646694796964
0.9659829914957478,4.187853649340035
0.9664832416208103,5.312271689103636
0.9669834917458728,2.50451005572176
0.9674837418709354,0.6120220616557409
0.9679839919959979,-3.3590239434013816
0.9684842421210604,-4.22951668312413
0.968984492246123,-5.27090769003674
0.9694847423711855,-2.537340289283587
0.969984992496248,-0.5650655948440162
0.9704852426213106,3.326363135327627
0.9709854927463731,4.271198567411192
0.9714857428714356,5.22950183920976
0.9719859929964981,2.570192625634496
0.9724862431215607,0.5180798263914612
0.9729864932466232,-3.2936666693315786
0.9734867433716857,-4.312896880809216
0.9739869934967483,-5.188056557658079
0.9744872436218108,-2.603064664522561
0.9749874937468733,-0.4710671917893192
0.9754877438719359,3.260936945919944
0.9759879939969984,4.354609200256396
0.9764882441220609,5.146574268153974
0.9769884942471235,2.635954004048643
0.977488744372186,0.4240301281659852
0.9779889944972485,-3.228176367264508
0.9784892446223111,-4.396333101102057
0.9789894947473736,-5.105057395052693
0.9794897448724361,-2.6688582407847785
0.9799899949974987,-0.3769710741671812
0.9804902451225612,3.1953873370030283
0.9809904952476237,4.438066157305832
0.9814907453726863,5.0635083641422325
0.9819909954977488,2.701774969974289
0.9824912456228113,0.3298924697690901
0.9829914957478738,-3.1625722601116086
0.9834917458729364,-4.479805941564433
0.9839919959979989,-5.0219296025149145
0.9844922461230614,-2.7347017856176885
0.984992496248124,-0.28279675614811894
0.9854927463731865,3.12973354275444
0.985992996498249,4.52155002546533
0.9864932466233116,4.980323538368268
0.9869934967483741,2.7676362806911516
0.9874937468734366,0.2356863755324656
0.9879939969984992,-3.0968735921296484
0.9884942471235617,-4.563295979638132
0.9889944972486242,-4.938692600923888
0.9894947473736868,-2.8005760472288603
0.9899949974987493,-0.18856377104792355
0.9904952476238118,3.063994816318807
0.9909954977488744,4.605041373905167
0.9914957478739369,4.897039220203395
0.9919959979989994,2.8335186765225706
0.992496248124062,0.1414313865647683
0.9929964982491245,-3.0310996241456314
0.993496748374187,-4.646783777411695
0.9939969984992496,-4.855365826950329
0.9944972486243121,-2.866461759248556
0.9949974987493746,-0.09429166657073815
0.9954977488744371,2.998190425017062
0.9959979989994997,4.688520758825263
0.9964982491245622,4.813674852427325
0.9969984992496247,2.8994028856227643
0.9974987493746873,0.04714705597123785
0.9979989994997498,-2.965269628773628
0.9984992496248123,-4.730249886420051
0.9989994997498749,-4.771968728289401
0.9994997498749374,-2.932339645546867
1.0,-3.1748787248010642e-12
