0.0,0.0
0.001001001001001001,4.788669539996219
0.002002002002002002,2.9916334769028947
0.003003003003003003,-2.8598336511074707
0.004004004004004004,-4.621671974827201
0.005005005005005005,0.18865812117592895
0.006006006006006006,4.955447825280702
0.007007007007007007,3.123255257254923
0.008008008008008008,-2.7280102513526874
0.009009009009009009,-4.454610987683232
0.01001001001001001,0.37715953941608943
0.011011011011011011,5.1218510109653135
0.012012012012012012,3.2545445867613956
0.013013013013013013,-2.596317661499661
0.014014014014014014,-4.287642320914034
0.015015015015015015,0.5653477055604283
0.016016016016016016,5.287723469252137
0.017017017017017015,3.385347279746169
0.018018018018018018,-2.4649100241724704
0.01901901901901902,-4.120921447677076
0.02002002002002002,0.7530663778483085
0.02102102102102102,5.452909917801221
0.022022022022022022,3.5155095236901412
0.023023023023023025,-2.3339410873873603
0.024024024024024024,-3.9546034185779533
0.025025025025025023,0.9401597752381698
0.026026026026026026,5.617255572936924
0.02702702702702703,3.644878032297103
0.028028028028028028,-2.2035640515766044
0.029029029029029027,-3.7888427087357215
0.03003003003003003,1.1264727302726958
0.031031031031031032,5.780606302367635
0.03203203203203203,3.7733001980444905
0.03303303303303303,-2.073931417157945
0.03403403403403403,-3.623793065424946
0.035035035035035036,1.3118508413350656
0.036036036036036036,5.942808777268439
0.037037037037037035,3.9006242440661145
0.03803803803803804,-1.9451948328007083
0.03903903903903904,-3.459607356442832
0.04004004004004004,1.4961406241511899
0.04104104104104104,6.103710623578132
0.04204204204204204,4.026699375218085
0.043043043043043044,-1.8175049445402844
0.044044044044044044,-3.296437419356376
0.04504504504504504,1.679189662382847
0.04604604604604605,6.263160572356636
0.04704704704704705,4.151375928178647
0.04804804804804805,-1.6910112458862987
0.04904904904904905,-3.134433911770209
0.050050050050050046,1.8608467571663267
0.05105105105105105,6.421008609058054
0.05205205205205205,4.274505520431027
0.05305305305305305,-1.5658619290763751
0.05405405405405406,-2.9737461627724353
0.055055055055055056,2.0409620754473177
0.056056056056056056,6.57710612157185
0.057057057057057055,4.395941197986745
0.058058058058058054,-1.442203737622543
0.05905905905905906,-2.814522025700116
0.06006006006006006,2.2193872969631148
0.06106106106106106,6.731306046881026
0.062062062062062065,4.515537581696905
0.06306306306306306,-1.320181820291952
0.06406406406406406,-2.656907732369784
0.06506506506506507,2.395975759735629
0.06606606606606606,6.88346301619954
0.06706706706706707,4.633151012012904
0.06806806806806806,-1.1999395866721256
0.06906906906906907,-2.5010477489185985
0.07007007007007007,2.570582603917356
0.07107107107107107,7.033433498438897
0.07207207207207207,4.748639692049753
0.07307307307307308,-1.0816185644590517
0.07407407407407407,-2.3470846333993007
0.07507507507507508,2.743064913862239
0.07607607607607608,7.181075941865071
0.07707707707707707,4.861863828810941
0.07807807807807808,-0.9653582586130547
0.07907907907907907,-2.1951588952690897
0.08008008008008008,2.9132818582709
0.08108108108108109,7.326250913806598
0.08208208208208208,4.972685772435078
0.08308308308308308,-0.8512960125171816
0.08408408408408408,-2.045408856908809
0.08508508508508508,3.0810948282760786
0.08608608608608609,7.468821238273227
0.08708708708708708,5.080970153329648
0.08808808808808809,-0.7395668712780377
0.0890890890890891,-1.897970517313471
0.09009009009009009,3.246367573331808
0.09109109109109109,7.608652131351797
0.0920920920920921,5.186584017050111
0.09309309309309309,-0.630303447308167
0.0940940940940941,-1.7529774180897593
0.09509509509509509,3.408966334772682
0.0960960960960961,7.7456113342409365
0.0970970970970971,5.289396956797532
0.0980980980980981,-0.5236357883146203
0.0990990990990991,-1.6105605118817534
0.10010010010010009,3.5687599769047704
0.1011011011011011,7.879569243800949
0.1021021021021021,5.389281243398277
0.1031031031031031,-0.41969124782887457
0.1041041041041041,-1.470848033374573
0.10510510510510511,3.7256201155113122
0.1061061061061061,8.01039904047894
0.10710710710710711,5.48611195264308
0.10810810810810811,-0.3185943584099018
0.1091091091091091,-1.3339653729828993
0.11011011011011011,3.8794212436288675
0.1111111111111111,8.137976813493228
0.11211211211211211,5.57976708985011
0.11311311311311312,-0.22046670763736653
0.11411411411411411,-1.2000349533659125
0.11511511511511512,4.030040854488755
0.11611611611611611,8.262181683148423
0.11711711711711711,5.6701277115406015
0.11811811811811812,-0.125426817024743
0.11911911911911911,-1.069176108879514
0.12012012012012012,4.177359561488368
0.12112112112112113,8.382895920156809
0.12212212212212212,5.757078044098659
0.12312312312312312,-0.033590023968328
0.12412412412412413,-0.9415049680880383
0.12512512512512514,4.321261215075243
0.12612612612612611,8.500005061855404
0.12712712712712712,5.840505599298222
0.12812812812812813,0.05493163315044702
0.12912912912912913,-0.8171343394601704
0.13013013013013014,4.461633016436491
0.13113113113113112,8.613398025200318
0.13213213213213212,5.920301286586568
0.13313313313313313,0.14002952659276424
0.13413413413413414,-0.6961736003426413
0.13513513513513514,4.598365627872945
0.13613613613613612,8.722967216422129
0.13713713713713713,5.996359522013089
0.13813813813813813,0.22159854751445351
0.13913913913913914,-0.5787285893453076
0.14014014014014015,4.731353279752817
0.14114114114114115,8.828608637245239
0.14214214214214213,6.0685783336891586
0.14314314314314314,0.29953721073443607
0.14414414414414414,-0.46490150222463855
0.14514514514514515,4.860493873938574
0.14614614614614616,8.93022198754895
0.14714714714714713,6.136859463683087
0.14814814814814814,0.3737477559096978
0.14914914914914915,-0.35479079137781167
0.15015015015015015,4.985689083582557
0.15115115115115116,9.027710764392612
0.15215215215215216,6.201108466247003
0.15315315315315314,0.4441362450264936
0.15415415415415415,-0.24849106904709561
0.15515515515515516,5.106844449197799
0.15615615615615616,9.120982357280269
0.15715715715715717,6.261234802271254
0.15815815815815815,0.5106126561052178
0.15915915915915915,-0.14609301432593114
0.16016016016016016,5.223869470902903
0.16116116116116116,9.209948139590857
0.16216216216216217,6.317151929886375
0.16316316316316315,0.5730909730242715
0.16416416416416416,-0.04768328405999611
0.16516516516516516,5.3366776967544
0.16616616616616617,9.294523556075234
0.16716716716716717,6.368777391110086
0.16816816816816815,0.6314892713830584
0.16916916916916916,0.046655572264001854
0.17017017017017017,5.445186807078213
0.17117117117117117,9.374628206333076
0.17217217217217218,6.416032894461859
0.17317317317317318,0.6857298003076977
0.17417417417417416,0.13684519356534075
0.17517517517517517,5.549318694714015
0.17617617617617617,9.450185924189011
0.17717717717717718,6.458844393458664
0.1781781781781782,0.7357390601269307
0.17917917917917917,0.22281148406605666
0.18018018018018017,5.6489995411003555
0.18118118118118118,9.521124852890253
0.18218218218218218,6.497142160917014
0.1831831831831832,0.7814478758396182
0.1841841841841842,0.30448468596612077
0.18518518518518517,5.744159888113214
0.18618618618618618,9.58737751604931
0.1871871871871872,6.530860858986995
0.1881881881881882,0.8227914662997482
0.1891891891891892,0.38179944781597897
0.19019019019019018,5.8347347056010515
0.19119119119119118,9.648880884262578
0.1921921921921922,6.5599396048492284
0.1931931931931932,0.8597095090475566
0.1941941941941942,0.454694888534819
0.19519519519519518,5.920663454540203
0.1961961961961962,9.70557643733877
0.1971971971971972,6.5843220320069324
0.1981981981981982,0.8921462007304028
0.1991991991991992,0.5231146569950385
0.20020020020020018,6.001890145749718
0.2012012012012012,9.757410222077507
0.2022022022022022,6.603956347117318
0.2032032032032032,0.920050313047708
0.2042042042042042,0.5870069871227992
0.20520520520520522,6.078363394113126
0.2062062062062062,9.804332905535492
0.2072072072072072,6.618795382303226
0.2082082082082082,0.9433752441649847
0.2092092092092092,0.646324748460132
0.21021021021021022,6.150036468241115
0.2112112112112112,9.846299823735102
0.2122122122122122,6.628796642892786
0.2132132132132132,0.9620790655502027
0.21421421421421422,0.701025492133402
0.21521521521521522,6.216867335544634
0.21621621621621623,9.883271025761672
0.2172172172172172,6.633922350540542
0.2182182182182182,0.9761245641787517
0.21921921921921922,0.7510714921893005
0.22022022022022023,6.278818702655565
0.22122122122122123,9.915211313207834
0.2222222222222222,6.634139481689083
0.22322322322322322,0.9854792800736432
0.22422422422422422,0.796429782252102
0.22522522522522523,6.335858051164897
0.22622622622622623,9.942090274925915
0.2272272272272272,6.629419801329839
0.22822822822822822,0.990115539138654
0.22922922922922923,0.8370721874698912
0.23023023023023023,6.3879576686441375
0.23123123123123124,9.963882317053729
0.23223223223223222,6.619739892031282
0.23323323323323322,0.9900104812517521
0.23423423423423423,0.872975351715688
0.23523523523523523,6.435094674911975
0.23623623623623624,9.980566688284249
0.23723723723723725,6.605081178206863
0.23823823823823823,0.9851460835940093
0.23923923923923923,0.9041207600167365
0.24024024024024024,6.47725104352659
0.24124124124124124,9.992127500354071
0.24224224224224225,6.585429945597844
0.24324324324324323,0.9755091791886494
0.24424424424424424,0.9304947561911847
0.24524524524524524,6.514413618481891
0.24624624624624625,9.998553743730486
0.24724724724724725,6.560777355949018
0.24824824824824826,0.9610914706323239
0.24924924924924924,0.9520885556747762
0.2502502502502503,6.546574126087473
0.25125125125125125,9.999839298481728
0.25225225225225223,6.531119456867849
0.25325325325325326,0.9418895390052482
0.25425425425425424,0.9688982535227018
0.2552552552552553,6.573729182022924
0.25625625625625625,9.995982940319168
0.25725725725725723,6.49645718685321
0.25825825825825827,0.917904847951025
0.25925925925925924,0.9809248275812186
0.2602602602602603,6.595880293562186
0.26126126126126126,9.986988341806299
0.26226226226226224,6.456796375490033
0.26326326326326327,0.8891437429226716
0.26426426426426425,0.9881741368235795
0.2652652652652653,6.61303385695908
0.26626626626626626,9.97286406873263
0.26726726726726724,6.412147738811094
0.2682682682682683,0.8556174455950387
0.26926926926926925,0.9906569148554514
0.2702702702702703,6.625201150004733
0.27127127127127126,9.953623571656319
0.27227227227227224,6.362526869826406
0.2732732732732733,0.8173420434498411
0.27427427427427425,0.9883887585921096
0.2752752752752753,6.6323983197574545
0.27627627627627627,9.929285172624175
0.2772772772772773,6.307954224233212
0.2782782782782783,0.774338474541568
0.27927927927927926,0.9813901121207498
0.2802802802802803,6.6346463654608065
0.28128128128128127,9.899872047080876
0.2822822822822823,6.248455101324306
0.2832832832832833,0.7266325074621962
0.28428428428428426,0.9696862457652831
0.2852852852852853,6.6319711166660795
0.2862862862862863,9.865412200988121
0.2872872872872873,6.184059620098958
0.2882882882882883,0.6742547165233246
0.28928928928928926,0.9533072303713421
0.2902902902902903,6.62440320658189
0.2912912912912913,9.825938443172788
0.2922922922922923,6.114802690617873
0.2932932932932933,0.6172404521772465
0.29429429429429427,0.9322879068381305
0.2952952952952953,6.611978040674316
0.2962962962962963,9.781488352934087
0.2972972972972973,6.040723980621876
0.2982982982982983,0.5556298067130641
0.29929929929929927,0.90666785092911
0.3003003003003003,6.59473576055235
0.3013013013013013,9.732104242940853
0.3023023023023023,5.96186787744357
0.3033033033033033,0.48946757525416196
0.30430430430430433,0.8764913333938331
0.3053053053053053,6.572721203169348
0.3063063063063063,9.67783311745399
0.3073073073073073,5.878283445257848
0.3083083083083083,0.41880321210115223
0.30930930930930933,0.8418072754419654
0.3103103103103103,6.545983855390165
0.3113113113113113,9.618726625920553
0.3123123123123123,5.790024377707682
0.3133133133133133,0.34369078245953766
0.31431431431431434,0.8026691996108211
0.3153153153153153,6.51457780395724
0.3163163163163163,9.554841011978198
0.3173173173173173,5.697148945955963
0.3183183183183183,0.2641889096035781
0.31931931931931934,0.7591351760805907
0.3203203203203203,6.478561680912489
0.3213213213213213,9.48623705792593
0.32232232232232233,5.599719942207576
0.3233233233233233,0.1803607175233104
0.32432432432432434,0.711267764484437
0.3253253253253253,6.437998604529402
0.3263263263263263,9.412980024714258
0.32732732732732733,5.497804618769841
0.3283283283283283,0.09227376912017071
0.32932932932932935,0.6591339512736836
0.3303303303303303,6.392956115809157
0.3313313313313313,9.335139587510994
0.33233233233233234,5.391474622698664
0.3333333333333333,1.3811174426336947e-12
0.33433433433433435,0.6028050827021594
0.3353353353353353,6.343506110608352
0.3363363363363363,9.25278976691763
0.33733733733733734,5.280805926101081
0.3383383383383383,-0.09638435205587648
0.33933933933933935,0.542356793488453
0.34034034034034033,6.289724767458328
0.34134134134134136,9.166008855882275
0.34234234234234234,5.165878752168375
0.3433433433433433,-0.19679882189224074
0.34434434434434436,0.4778689312423081
0.34534534534534533,6.231692471164466
0.34634634634634637,9.074879342411489
0.34734734734734735,5.0467774969945545
0.3483483483483483,-0.3011587959570612
0.34934934934934936,0.4094254767044685
0.35035035035035034,6.169493732232439
0.35135135135135137,8.97948782812953
0.35235235235235235,4.923590647288415
0.3533533533533533,-0.40937559538782775
0.35435435435435436,0.33711445990673106
0.35535535535535534,6.103217102230332
0.3563563563563564,8.879924942776809
0.35735735735735735,4.796410694021012
0.35835835835835833,-0.5213565631356301
0.35935935935935936,0.2610278723215469
0.36036036036036034,6.032955085157386
0.3613613613613614,8.77628525474574
0.36236236236236236,4.665334042130053
0.36336336336336333,-0.6370051550176794
0.36436436436436437,0.18126157507608065
0.36536536536536535,5.958804044895997
0.3663663663663664,8.668667177710558
0.36736736736736736,4.5304609163546665
0.3683683683683684,-0.7562210346221576
0.36936936936936937,0.09791520335411796
0.37037037037037035,5.880864108868856
0.3713713713713714,8.55717287347508
0.37237237237237236,4.391895263281077
0.3733733733733734,-0.8789001719734504
0.3743743743743744,0.011092067041149622
0.37537537537537535,5.799239067956133
0.3763763763763764,8.441908151122794
0.37737737737737737,4.249744649728659
0.3783783783783784,-1.0049349458599748
0.3793793793793794,-0.07910095225727298
0.38038038038038036,5.7140362728100405
0.3813813813813814,8.322982362551878
0.38238238238238237,4.104120157535697
0.3833833833833834,-1.1342142497036463
0.3843843843843844,-0.17255350773225775
0.38538538538538536,5.625366526651019
0.3863863863863864,8.200508294537507
0.38738738738738737,3.9551362748940777
0.3883883883883884,-1.2666236009058376
0.3893893893893894,-0.26915189733796785
0.39039039039039036,5.533343974638014
0.3913913913913914,8.074602057381197
0.3923923923923924,3.802910784294105
0.3933933933933934,-1.4020452535127679
0.3943943943943944,-0.3687791770541522
0.39539539539539537,5.438085989961005
0.3963963963963964,7.945382970296826
0.3973973973973974,3.6475646472262397
0.3983983983983984,-1.5403583141408106
0.3993993993993994,-0.4713152773887015
0.40040040040040037,5.3397130567219735
0.4014014014014014,7.812973443631977
0.4024024024024024,3.489221885743956
0.4034034034034034,-1.6814388609942972
0.4044044044044044,-0.5766371229481093
0.40540540540540543,5.238348649756237
0.4064064064064064,7.6774988580211945
0.4074074074074074,3.3280094609811925
0.4084084084084084,-1.8251600659101266
0.4094094094094094,-0.6846187550101059
0.41041041041041043,5.134119111508842
0.4114114114114114,7.539087440637076
0.4124124124124124,3.1640571487932063
0.4134134134134134,-1.9713923192653713
0.4144144144144144,-0.7951314569378454
0.41541541541541543,5.027153526047986
0.4164164164164164,7.397870138606222
0.4174174174174174,2.9974974125858362
0.4184184184184184,-2.1200033576423967
0.4194194194194194,-0.9080438823224886
0.42042042042042044,4.917583590401179
0.4214214214214214,7.253980489760771
0.4224224224224224,2.828465273506525
0.42342342342342343,-2.270858394143305
0.4244244244244244,-1.0232221857531711
0.42542542542542544,4.80554348330518
0.4264264264264264,7.107554490836606
0.4274274274274274,2.65709817810903
0.42842842842842843,-2.423820251177836
0.4294294294294294,-1.1405301560326797
0.43043043043043044,4.691169731486875
0.4314314314314314,6.95873046322695
0.43243243243243246,2.483535863598646
0.43343343343343343,-2.578749495651579
0.4344344344344344,-1.2598293517674222
0.43543543543543545,4.57460107365658
0.4364364364364364,6.807648916474635
0.43743743743743746,2.3079202208442626
0.43843843843843844,-2.735504576371836
0.4394394394394394,-1.380979239147823
0.44044044044044045,4.4559783222829425
0.44144144144144143,6.654452409575187
0.44244244244244246,2.1303951552357394
0.44344344344344344,-2.893941963553158
0.4444444444444444,-1.5038373318017135
0.44544544544544545,4.335444223358801
0.44644644644644643,6.499285410294229
0.44744744744744747,1.9511064455549738
0.44844844844844844,-3.0539162903095685
0.4494494494494494,-1.628259332606714
0.45045045045045046,4.213143314222845
0.45145145145145144,6.342294152571954
0.45245245245245247,1.770201601013528
0.45345345345345345,-3.2152804959364536
0.4544544544544544,-1.7540992772619375
0.45545545545545546,4.089221779637066
0.45645645645645644,6.1836264922105535
0.4574574574574575,1.5878297165504585
0.45845845845845845,-3.3778859709072506
0.45945945945945943,-1.881209679549347
0.46046046046046046,3.9638273062390432
0.46146146146146144,6.023431760964826
0.4624624624624625,1.4041413265838045
0.46346346346346345,-3.5415827033870997
0.46446446446446443,-2.0094416780813265
0.46546546546546547,3.8371089354911625
0.46646646646646645,5.861860619158655
0.4674674674674675,1.219288257338892
0.46846846846846846,-3.7062194271397253
0.4694694694694695,-2.138645184414644
0.47047047047047047,3.7092169153274264
0.47147147147147145,5.699064907027788
0.4724724724724725,1.0334234778803115
0.47347347347347346,-3.8716437707040496
0.4744744744744745,-2.2686690323935204
0.4754754754754755,3.580302550575951
0.47647647647647645,5.535197494869967
0.4774774774774775,0.8467009500416562
0.47847847847847846,-4.037702407636458
0.4794794794794795,-2.3993611285610155
0.4804804804804805,3.4505180523671926
0.48148148148148145,5.370412132205534
0.4824824824824825,0.6592754773439438
0.48348348348348347,-4.204241207741955
0.4844844844844845,-2.530568603473955
0.4854854854854855,3.320016386645607
0.48648648648648646,5.204863296076775
0.4874874874874875,0.47130255311495317
0.48848848848848847,-4.371105389069297
0.4894894894894895,-2.6621379638211975
0.4904904904904905,3.188951121918877
0.49149149149149146,5.038706038610775
0.4924924924924925,0.2829382078935102
0.4934934934934935,-4.538139670592349
0.4944944944944945,-2.793915245127744
0.4954954954954955,3.0574762764488694
0.4964964964964965,4.87209583405373
0.4974974974974975,0.09433885632521011
0.4984984984984985,-4.705188425369241
0.4994994994994995,-2.9257461649649494
0.5005005005005005,2.9257461649663807
0.5015015015015015,4.705188425372442
0.5025025025025025,-0.09433885632203562
0.5035035035035035,-4.872095834050529
0.5045045045045045,-3.057476276443814
0.5055055055055055,2.7939152451287153
0.5065065065065065,4.538139670595547
0.5075075075075075,-0.2829382078903389
0.5085085085085085,-5.038706038607407
0.5095095095095095,-3.1889511219161006
0.5105105105105106,2.6621379638221674
0.5115115115115115,4.371105389072489
0.5125125125125125,-0.47130255311178826
0.5135135135135135,-5.204863296071318
0.5145145145145145,-3.3200163866405763
0.5155155155155156,2.5305686034771853
0.5165165165165165,4.204241207745138
0.5175175175175175,-0.6592754773407883
0.5185185185185185,-5.3704121322000935
0.5195195195195195,-3.450518052361713
0.5205205205205206,2.39936112856243
0.5215215215215215,4.03770240763963
0.5225225225225225,-0.8467009500385133
0.5235235235235235,-5.5351974948643905
0.5245245245245245,-3.5803025505704964
0.5255255255255256,2.2686690323971725
0.5265265265265265,3.871643770707206
0.5275275275275275,-1.0334234778771845
0.5285285285285285,-5.699064907022243
0.5295295295295295,-3.709216915322
0.5305305305305306,2.1386451844160446
0.5315315315315315,3.7062194271428623
0.5325325325325325,-1.219288257335784
0.5335335335335335,-5.86186061915537
0.5345345345345345,-3.837108935488464
0.5355355355355356,2.0094416780844924
0.5365365365365365,3.5415827033902154
0.5375375375375375,-1.4041413265807186
0.5385385385385385,-6.023431760959359
0.5395395395395395,-3.9638273062341667
0.5405405405405406,1.8812096795524877
0.5415415415415415,3.3778859709103415
0.5425425425425425,-1.5878297165473976
0.5435435435435435,-6.183626492205134
0.5445445445445445,-4.089221779632236
0.5455455455455456,1.7540992772650514
0.5465465465465466,3.215280495939516
0.5475475475475475,-1.7702016010104953
0.5485485485485485,-6.342294152566729
0.5495495495495496,-4.213143314219272
0.5505505505505506,1.6282593326097978
0.5515515515515516,3.053916290312601
0.5525525525525525,-1.9511064455519724
0.5535535535535535,-6.499285410289059
0.5545545545545546,-4.335444223357401
0.5555555555555556,1.5038373318047635
0.5565565565565566,2.893941963556156
0.5575575575575575,-2.1303951552327725
0.5585585585585585,-6.6544524095721975
0.5595595595595596,-4.45597832228155
0.5605605605605606,1.3809792391508375
0.5615615615615616,2.7355045763747987
0.5625625625625625,-2.3079202208413325
0.5635635635635635,-6.807648916469456
0.5645645645645646,-4.574601073655197
0.5655655655655656,1.2598293517703976
0.5665665665665666,2.578749495654501
0.5675675675675675,-2.4835358635957565
0.5685685685685685,-6.95873046322391
0.5695695695695696,-4.691169731485989
0.5705705705705706,1.140530156035612
0.5715715715715716,2.4238202511807154
0.5725725725725725,-2.6570981781035763
0.5735735735735735,-7.107554490831578
0.5745745745745746,-4.805543483302279
0.5755755755755756,1.0232221857560582
0.5765765765765766,2.2708583941461398
0.5775775775775776,-2.8284652735017155
0.5785785785785785,-7.2539804897558255
0.5795795795795796,-4.917583590400319
0.5805805805805806,0.908043882325329
0.5815815815815816,2.1200033576451816
0.5825825825825826,-2.9974974125811094
0.5835835835835835,-7.397870138601482
0.5845845845845846,-5.027153526044687
0.5855855855855856,0.7951314569406343
0.5865865865865866,1.971392319268105
0.5875875875875876,-3.1640571487885683
0.5885885885885885,-7.539087440632424
0.5895895895895896,-5.134119111507518
0.5905905905905906,0.684618755012842
0.5915915915915916,1.8251600659128067
0.5925925925925926,-3.3280094609782633
0.5935935935935935,-7.677498858018472
0.5945945945945946,-5.238348649754926
0.5955955955955956,0.5766371229509981
0.5965965965965966,1.6814388609970399
0.5975975975975976,-3.489221885738943
0.5985985985985985,-7.812973443627462
0.5995995995995996,-5.339713056719334
0.6006006006006006,0.4713152773915299
0.6016016016016016,1.5403583141434964
0.6026026026026026,-3.6475646472213286
0.6036036036036035,-7.945382970292417
0.6046046046046046,-5.4380859899584255
0.6056056056056056,0.3687791770567128
0.6066066066066066,1.4020452535151464
0.6076076076076076,-3.8029107842893004
0.6086086086086087,-8.07460205737871
0.6096096096096096,-5.533343974635498
0.6106106106106106,0.26915189734046585
0.6116116116116116,1.2666236009082756
0.6126126126126126,-3.9551362748899463
0.6136136136136137,-8.2005082945369
0.6146146146146146,-5.62536652664882
0.6156156156156156,0.17255350773468914
0.6166166166166166,1.1342142497060186
0.6176176176176176,-4.10412015753308
0.6186186186186187,-8.322982362551286
0.6196196196196196,-5.71403627280791
0.6206206206206206,0.07910095225943214
0.6216216216216216,1.0049349458622778
0.6226226226226226,-4.249744649724478
0.6236236236236237,-8.44190815112222
0.6246246246246246,-5.799239067953566
0.6256256256256256,-0.011092067039059295
0.6266266266266266,0.8789001719756824
0.6276276276276276,-4.3918952632786
0.6286286286286287,-8.55717287347448
0.6296296296296297,-5.880864108866361
0.6306306306306306,-0.09791520335169901
0.6316316316316316,0.7562210346244478
0.6326326326326326,-4.530460916350735
0.6336336336336337,-8.668667177708459
0.6346346346346347,-5.9588040448938315
0.6356356356356356,-0.18126157507373897
0.6366366366366366,0.6370051550215128
0.6376376376376376,-4.665334042125971
0.6386386386386387,-8.776285254745181
0.6396396396396397,-6.032955085155297
0.6406406406406406,-0.26102787231948055
0.6416416416416416,0.5213565631390669
0.6426426426426426,-4.796410694017063
0.6436436436436437,-8.879924942776231
0.6446446446446447,-6.103217102228321
0.6456456456456456,-0.33711445990474376
0.6466466466466466,0.4093755953912632
0.6476476476476476,-4.923590647284604
0.6486486486486487,-8.979487828129047
0.6496496496496497,-6.169493732230767
0.6506506506506506,-0.40942547670256335
0.6516516516516516,0.3011587959590418
0.6526526526526526,-5.046777496991442
0.6536536536536537,-9.07487934241232
0.6546546546546547,-6.231692471162876
0.6556556556556556,-0.47786893124175656
0.6566566566566566,0.1967988218953982
0.6576576576576576,-5.165878752163881
0.6586586586586587,-9.166008855881834
0.6596596596596597,-6.289724767456304
0.6606606606606606,-0.5423567934881164
0.6616616616616616,0.09638435205888829
0.6626626626626626,-5.280805926099165
0.6636636636636637,-9.252789766915974
0.6646646646646647,-6.343506110605254
0.6656656656656657,-0.6028050827006997
0.6666666666666666,2.7631230636870896e-12
0.6676676676676676,-5.391474622695711
0.6686686686686687,-9.335139587509428
0.6696696696696697,-6.392956115808666
0.6706706706706707,-0.6591339512719316
0.6716716716716716,-0.09227376911838459
0.6726726726726726,-5.497804618766761
0.6736736736736737,-9.412980024711732
0.6746746746746747,-6.43799860452842
0.6756756756756757,-0.7112677644822636
0.6766766766766766,-0.18036071752139637
0.6776776776776777,-5.599719942207257
0.6786786786786787,-9.486237057925502
0.6796796796796797,-6.478561680911079
0.6806806806806807,-0.7591351760801675
0.6816816816816816,-0.2641889096011676
0.6826826826826827,-5.6971489459552345
0.6836836836836837,-9.554841011977336
0.6846846846846847,-6.5145778039554685
0.6856856856856857,-0.8026691996099795
0.6866866866866866,-0.34369078245728435
0.6876876876876877,-5.790024377707045
0.6886886886886887,-9.61872662591937
0.6896896896896897,-6.545983855388361
0.6906906906906907,-0.8418072754407708
0.6916916916916916,-0.41880321209864935
0.6926926926926927,-5.878283445258232
0.6936936936936937,-9.677833117452506
0.6946946946946947,-6.57272120316834
0.6956956956956957,-0.8764913333925346
0.6966966966966966,-0.48946757525297535
0.6976976976976977,-5.96186787744358
0.6986986986986987,-9.732104242939116
0.6996996996996997,-6.5947357605510515
0.7007007007007007,-0.9066678509274282
0.7017017017017017,-0.5556298067114795
0.7027027027027027,-6.04072398062158
0.7037037037037037,-9.78148835293382
0.7047047047047047,-6.611978040673376
0.7057057057057057,-0.9322879068372241
0.7067067067067067,-0.6172404521754844
0.7077077077077077,-6.114802690617343
0.7087087087087087,-9.825938443172259
0.7097097097097097,-6.624403206580766
0.7107107107107107,-0.9533072303704331
0.7117117117117117,-0.6742547165214559
0.7127127127127127,-6.184059620099042
0.7137137137137137,-9.865412200987382
0.7147147147147147,-6.631971116664836
0.7157157157157157,-0.9696862457645041
0.7167167167167167,-0.7266325074608417
0.7177177177177178,-6.2484551013249305
0.7187187187187187,-9.899872047080018
0.7197197197197197,-6.634646365460377
0.7207207207207207,-0.9813901121198971
0.7217217217217217,-0.7743384745408628
0.7227227227227228,-6.307954224233635
0.7237237237237237,-9.929285172623285
0.7247247247247247,-6.632398319757177
0.7257257257257257,-0.9883887585912534
0.7267267267267267,-0.8173420434490692
0.7277277277277278,-6.362526869825837
0.7287287287287287,-9.953623571656202
0.7297297297297297,-6.625201150004555
0.7307307307307307,-0.9906569148553848
0.7317317317317317,-0.8556174455942696
0.7327327327327328,-6.412147738810662
0.7337337337337337,-9.972864068732417
0.7347347347347347,-6.613033856958358
0.7357357357357357,-0.988174136823508
0.7367367367367368,-0.8891437429225197
0.7377377377377378,-6.456796375489997
0.7387387387387387,-9.986988341806073
0.7397397397397397,-6.595880293561819
0.7407407407407407,-0.9809248275808748
0.7417417417417418,-0.9179048479512097
0.7427427427427428,-6.496457186852881
0.7437437437437437,-9.995982940318997
0.7447447447447447,-6.573729182022818
0.7457457457457457,-0.9688982535227
0.7467467467467468,-0.9418895390055377
0.7477477477477478,-6.531119456867572
0.7487487487487487,-9.999839298481687
0.7497497497497497,-6.54657412608743
0.7507507507507507,-0.9520885556749512
0.7517517517517518,-0.961091470632681
0.7527527527527528,-6.56077735594938
0.7537537537537538,-9.998553743730536
0.7547547547547547,-6.514413618482253
0.7557557557557557,-0.9304947561914441
0.7567567567567568,-0.9755091791889301
0.7577577577577578,-6.585429945598363
0.7587587587587588,-9.992127500354188
0.7597597597597597,-6.47725104352716
0.7607607607607607,-0.9041207600171708
0.7617617617617618,-0.9851460835942705
0.7627627627627628,-6.605081178207244
0.7637637637637638,-9.980566688284522
0.7647647647647647,-6.4350946749124
0.7657657657657657,-0.8729753517165326
0.7667667667667668,-0.9900104812521135
0.7677677677677678,-6.61973989203155
0.7687687687687688,-9.96388231705424
0.7697697697697697,-6.387957668644499
0.7707707707707707,-0.8370721874710529
0.7717717717717718,-0.9901155391386522
0.7727727727727728,-6.629419801330334
0.7737737737737738,-9.94209027492673
0.7747747747747747,-6.335858051165534
0.7757757757757757,-0.796429782253468
0.7767767767767768,-0.9854792800738252
0.7777777777777778,-6.634139481689875
0.7787787787787788,-9.915211313208207
0.7797797797797797,-6.278818702656336
0.7807807807807807,-0.7510714921898964
0.7817817817817818,-0.9761245641793641
0.7827827827827828,-6.633922350541434
0.7837837837837838,-9.88327102576235
0.7847847847847848,-6.216867335546059
0.7857857857857857,-0.7010254921345069
0.7867867867867868,-0.9620790655511406
0.7877877877877878,-6.62879664289331
0.7887887887887888,-9.846299823736164
0.7897897897897898,-6.150036468241867
0.7907907907907907,-0.6463247484616579
0.7917917917917918,-0.9433752441663175
0.7927927927927928,-6.61879538230408
0.7937937937937938,-9.804332905536997
0.7947947947947948,-6.0783633941142545
0.7957957957957957,-0.5870069871248118
0.7967967967967968,-0.9200503130477662
0.7977977977977978,-6.603956347118438
0.7987987987987988,-9.757410222078132
0.7997997997997998,-6.0018901457519185
0.8008008008008007,-0.5231146569973255
0.8018018018018018,-0.8921462007308194
0.8028028028028028,-6.584322032008387
0.8038038038038038,-9.705576437339833
0.8048048048048048,-5.920663454542569
0.8058058058058059,-0.4546948885359017
0.8068068068068068,-0.8597095090483089
0.8078078078078078,-6.5599396048512135
0.8088088088088088,-9.648880884263745
0.8098098098098098,-5.834734705603584
0.8108108108108109,-0.3817994478155873
0.8118118118118118,-0.8227914663009912
0.8128128128128128,-6.530860858987698
0.8138138138138138,-9.587377516051017
0.8148148148148148,-5.744159888114588
0.8158158158158159,-0.30448468596655154
0.8168168168168168,-0.781447875841697
0.8178178178178178,-6.497142160917779
0.8188188188188188,-9.521124852892527
0.8198198198198198,-5.648999541102442
0.8208208208208209,-0.22281148406727436
0.8218218218218218,-0.7357390601266847
0.8228228228228228,-6.45884439346038
0.8238238238238238,-9.450185924189963
0.8248248248248248,-5.549318694716324
0.8258258258258259,-0.1368451935664341
0.8268268268268268,-0.6857298003083487
0.8278278278278278,-6.416032894463679
0.8288288288288288,-9.374628206334586
0.8298298298298298,-5.44518680708123
0.8308308308308309,-0.04665557226602601
0.8318318318318318,-0.631489271384285
0.8328328328328328,-6.368777391112981
0.8338338338338338,-9.294523556077461
0.8348348348348348,-5.336677696757728
0.8358358358358359,0.04768328405981492
0.8368368368368369,-0.5730909730265559
0.8378378378378378,-6.317151929886814
0.8388388388388388,-9.209948139593457
0.8398398398398398,-5.223869470905142
0.8408408408408409,0.14609301432475874
0.8418418418418419,-0.5106126561082167
0.8428428428428428,-6.261234802272747
0.8438438438438438,-9.120982357283385
0.8448448448448448,-5.106844449200342
0.8458458458458459,0.24849106904582374
0.8468468468468469,-0.4441362450272859
0.8478478478478478,-6.201108466249606
0.8488488488488488,-9.027710764393834
0.8498498498498498,-4.985689083586438
0.8508508508508509,0.35479079137545444
0.8518518518518519,-0.3737477559111606
0.8528528528528528,-6.136859463686171
0.8538538538538538,-8.930221987550842
0.8548548548548548,-4.860493873942523
0.8558558558558559,0.46490150222456306
0.8568568568568569,-0.2995372107361689
0.8578578578578578,-6.06857833369312
0.8588588588588588,-8.828608637247662
0.8598598598598598,-4.731353279758197
0.8608608608608609,0.5787285893445229
0.8618618618618619,-0.2215985475173916
0.8628628628628628,-5.9963595220144645
0.8638638638638638,-8.722967216426095
0.8648648648648649,-4.598365627874329
0.8658658658658659,0.6961736003413441
0.8668668668668669,-0.1400295265956899
0.8678678678678678,-5.920301286589156
0.8688688688688688,-8.613398025204898
0.8698698698698699,-4.461633016436178
0.8708708708708709,0.8171343394582369
0.8718718718718719,-0.05493163315151994
0.8728728728728729,-5.840505599300657
0.8738738738738738,-8.500005061857676
0.8748748748748749,-4.321261215075307
0.8758758758758759,0.9415049680853662
0.8768768768768769,0.03359002396610533
0.8778778778778779,-5.757078044102518
0.8788788788788788,-8.382895920159655
0.8798798798798799,-4.1773595614899826
0.8808808808808809,1.0691761088789686
0.8818818818818819,0.1254268170224475
0.8828828828828829,-5.670127711542428
0.8838838838838838,-8.262181683152132
0.8848848848848849,-4.030040854490845
0.8858858858858859,1.2000349533646677
0.8868868868868869,0.22046670763383736
0.8878878878878879,-5.57976708985191
0.8888888888888888,-8.137976813497811
0.8898898898898899,-3.879421243630897
0.8908908908908909,1.3339653729809307
0.8918918918918919,0.31859435840580863
0.8928928928928929,-5.486111952646198
0.8938938938938938,-8.010399040484216
0.8948948948948949,-3.725620115511426
0.8958958958958959,1.470848033371405
0.8968968968968969,0.4196912478270858
0.8978978978978979,-5.389281243401879
0.8988988988988988,-7.879569243803516
0.8998998998998999,-3.568759976905848
0.9009009009009009,1.610560511878265
0.9019019019019019,0.5236357883123839
0.9029029029029029,-5.289396956802065
0.9039039039039038,-7.74561133424462
0.9049049049049049,-3.408966334774901
0.9059059059059059,1.752977418089233
0.9069069069069069,0.6303034473050362
0.9079079079079079,-5.186584017051327
0.9089089089089089,-7.6086521313559405
0.9099099099099099,-3.246367573334539
0.9109109109109109,1.8979705173121495
0.9119119119119119,0.7395668712735088
0.9129129129129129,-5.080970153332242
0.9139139139139139,-7.468821238278557
0.914914914914915,-3.081094828279996
0.9159159159159159,2.0454088569061657
0.9169169169169169,0.8512960125120612
0.9179179179179179,-4.972685772439142
0.9189189189189189,-7.326250913812666
0.91991991991992,-2.913281858271402
0.9209209209209209,2.1951588952653873
0.9219219219219219,0.9653582586109803
0.9229229229229229,-4.861863828815274
0.9239239239239239,-7.18107594186837
0.924924924924925,-2.743064913864404
0.9259259259259259,2.3470846333949753
0.9269269269269269,1.0816185644564076
0.9279279279279279,-4.74863969205561
0.9289289289289289,-7.03343349844318
0.92992992992993,-2.5705826039198265
0.9309309309309309,2.50104774891705
0.9319319319319319,1.1999395866678784
0.9329329329329329,-4.633151012014927
0.933933933933934,-6.883463016200652
0.934934934934935,-2.3959757597384232
0.9359359359359359,2.6569077323676265
0.9369369369369369,1.3201818202873454
0.9379379379379379,-4.515537581700174
0.938938938938939,-6.7313060468828265
0.93993993993994,-2.2193872969634927
0.9409409409409409,2.8145220256973227
0.9419419419419419,1.4422037376209462
0.9429429429429429,-4.395941197990515
0.943943943943944,-6.577106121574625
0.944944944944945,-2.0409620754480056
0.9459459459459459,2.9737461627682937
0.9469469469469469,1.565861929073572
0.9479479479479479,-4.274505520436346
0.948948948948949,-6.421008609061816
0.94994994994995,-1.8608467571690872
0.950950950950951,3.1344339117650977
0.9519519519519519,1.6910112458828763
0.9529529529529529,-4.151375928184299
0.953953953953954,-6.263160572357064
0.954954954954955,-1.6791896623859544
0.955955955955956,3.2964374193545365
0.9569569569569569,1.8175049445356217
0.9579579579579579,-4.026699375220863
0.958958958958959,-6.103710623579543
0.95995995995996,-1.4961406241557904
0.960960960960961,3.459607356440329
0.9619619619619619,1.9451948327955688
0.9629629629629629,-3.900624244070164
0.963963963963964,-5.942808777270699
0.964964964964965,-1.3118508413357346
0.965965965965966,3.623793065420926
0.9669669669669669,2.0739314171557424
0.9679679679679679,-3.77330019804901
0.968968968968969,-5.780606302370917
0.96996996996997,-1.1264727302738855
0.970970970970971,3.7888427087310124
0.9719719719719719,2.2035640515740527
0.9729729729729729,-3.6448780323030463
0.973973973973974,-5.617255572941217
0.974974974974975,-0.9401597752411666
0.975975975975976,3.9546034185724035
0.9769769769769769,2.3339410873834314
0.9779779779779779,-3.5155095236965415
0.978978978978979,-5.452909917802203
0.97997997997998,-0.7530663778516669
0.980980980980981,4.1209214476748794
0.9819819819819819,2.464910024167085
0.9829829829829829,-3.3853472797495163
0.983983983983984,-5.287723469253899
0.984984984984985,-0.565347705565447
0.985985985985986,4.287642320910996
0.986986986986987,2.5963176614937926
0.9879879879879879,-3.254544586765152
0.988988988988989,-5.121851010968264
0.98998998998999,-0.37715953941709474
0.990990990990991,4.454610987678947
0.991991991991992,2.7280102513500064
0.992992992992993,-3.1232552572564227
0.993993993993994,-4.955447825284509
0.994994994994995,-0.1886581211785876
0.995995995995996,4.621671974822087
0.996996996996997,2.8598336511043203
0.997997997997998,-2.9916334769048634
0.998998998998999,-4.788669539996314
1.0,-3.1748787248010642e-12
